       0.000       0.000       3.296  Ni  
       0.000       4.709       3.296  Ni  
       1.359       2.354      -0.549  Ni  
      -1.359       2.354      -4.394  Ni  
       0.000       0.000      -8.239  Ni  
       0.000      -4.709       3.296  Ni  
      -4.078       2.354       3.296  Ni  
      -4.078      -2.354       3.296  Ni  
       4.078       2.354       3.296  Ni  
       4.078      -2.354       3.296  Ni  
       1.359      -2.354      -0.549  Ni  
      -2.719       0.000      -0.549  Ni  
      -1.359      -2.354      -4.394  Ni  
       2.719       0.000      -4.394  Ni  
