  core wf on lin-log mesh for hole            3
 0.440748E-05 0.860850E+00
 0.449695E-05 0.860903E+00
 0.458823E-05 0.860958E+00
 0.468137E-05 0.861014E+00
 0.477640E-05 0.861071E+00
 0.487335E-05 0.861129E+00
 0.497228E-05 0.861188E+00
 0.507321E-05 0.861249E+00
 0.517619E-05 0.861311E+00
 0.528126E-05 0.861374E+00
 0.538847E-05 0.861438E+00
 0.549785E-05 0.861504E+00
 0.560945E-05 0.861571E+00
 0.572332E-05 0.861639E+00
 0.583949E-05 0.861709E+00
 0.595803E-05 0.861780E+00
 0.607897E-05 0.861853E+00
 0.620237E-05 0.861927E+00
 0.632827E-05 0.862002E+00
 0.645673E-05 0.862079E+00
 0.658779E-05 0.862158E+00
 0.672152E-05 0.862238E+00
 0.685796E-05 0.862320E+00
 0.699717E-05 0.862404E+00
 0.713920E-05 0.862489E+00
 0.728412E-05 0.862576E+00
 0.743198E-05 0.862664E+00
 0.758284E-05 0.862755E+00
 0.773677E-05 0.862847E+00
 0.789382E-05 0.862942E+00
 0.805405E-05 0.863038E+00
 0.821754E-05 0.863136E+00
 0.838435E-05 0.863236E+00
 0.855454E-05 0.863338E+00
 0.872819E-05 0.863442E+00
 0.890537E-05 0.863549E+00
 0.908614E-05 0.863657E+00
 0.927057E-05 0.863768E+00
 0.945876E-05 0.863881E+00
 0.965076E-05 0.863996E+00
 0.984666E-05 0.864113E+00
 0.100465E-04 0.864233E+00
 0.102505E-04 0.864356E+00
 0.104585E-04 0.864481E+00
 0.106708E-04 0.864608E+00
 0.108875E-04 0.864738E+00
 0.111085E-04 0.864871E+00
 0.113339E-04 0.865006E+00
 0.115640E-04 0.865144E+00
 0.117987E-04 0.865285E+00
 0.120383E-04 0.865429E+00
 0.122826E-04 0.865575E+00
 0.125319E-04 0.865725E+00
 0.127863E-04 0.865877E+00
 0.130459E-04 0.866033E+00
 0.133107E-04 0.866192E+00
 0.135809E-04 0.866354E+00
 0.138566E-04 0.866520E+00
 0.141378E-04 0.866688E+00
 0.144248E-04 0.866861E+00
 0.147176E-04 0.867036E+00
 0.150164E-04 0.867216E+00
 0.153212E-04 0.867399E+00
 0.156322E-04 0.867585E+00
 0.159495E-04 0.867776E+00
 0.162733E-04 0.867970E+00
 0.166036E-04 0.868168E+00
 0.169406E-04 0.868370E+00
 0.172845E-04 0.868577E+00
 0.176354E-04 0.868787E+00
 0.179933E-04 0.869002E+00
 0.183586E-04 0.869221E+00
 0.187312E-04 0.869445E+00
 0.191115E-04 0.869673E+00
 0.194994E-04 0.869906E+00
 0.198952E-04 0.870143E+00
 0.202991E-04 0.870386E+00
 0.207111E-04 0.870633E+00
 0.211315E-04 0.870885E+00
 0.215605E-04 0.871143E+00
 0.219981E-04 0.871405E+00
 0.224447E-04 0.871673E+00
 0.229003E-04 0.871947E+00
 0.233651E-04 0.872225E+00
 0.238394E-04 0.872510E+00
 0.243233E-04 0.872800E+00
 0.248170E-04 0.873097E+00
 0.253208E-04 0.873399E+00
 0.258348E-04 0.873707E+00
 0.263592E-04 0.874022E+00
 0.268943E-04 0.874343E+00
 0.274402E-04 0.874671E+00
 0.279972E-04 0.875005E+00
 0.285655E-04 0.875346E+00
 0.291453E-04 0.875694E+00
 0.297370E-04 0.876049E+00
 0.303406E-04 0.876411E+00
 0.309564E-04 0.876781E+00
 0.315848E-04 0.877158E+00
 0.322260E-04 0.877543E+00
 0.328801E-04 0.877935E+00
 0.335475E-04 0.878336E+00
 0.342285E-04 0.878744E+00
 0.349233E-04 0.879161E+00
 0.356322E-04 0.879587E+00
 0.363555E-04 0.880021E+00
 0.370934E-04 0.880464E+00
 0.378464E-04 0.880915E+00
 0.386146E-04 0.881376E+00
 0.393985E-04 0.881847E+00
 0.401982E-04 0.882327E+00
 0.410142E-04 0.882816E+00
 0.418467E-04 0.883316E+00
 0.426961E-04 0.883826E+00
 0.435628E-04 0.884346E+00
 0.444471E-04 0.884876E+00
 0.453493E-04 0.885418E+00
 0.462698E-04 0.885970E+00
 0.472090E-04 0.886534E+00
 0.481673E-04 0.887109E+00
 0.491450E-04 0.887695E+00
 0.501426E-04 0.888294E+00
 0.511604E-04 0.888905E+00
 0.521989E-04 0.889528E+00
 0.532584E-04 0.890164E+00
 0.543395E-04 0.890812E+00
 0.554425E-04 0.891474E+00
 0.565679E-04 0.892150E+00
 0.577162E-04 0.892839E+00
 0.588877E-04 0.893542E+00
 0.600830E-04 0.894259E+00
 0.613026E-04 0.894991E+00
 0.625470E-04 0.895738E+00
 0.638166E-04 0.896499E+00
 0.651120E-04 0.897277E+00
 0.664336E-04 0.898070E+00
 0.677821E-04 0.898879E+00
 0.691580E-04 0.899705E+00
 0.705618E-04 0.900547E+00
 0.719941E-04 0.901407E+00
 0.734554E-04 0.902284E+00
 0.749464E-04 0.903178E+00
 0.764677E-04 0.904091E+00
 0.780199E-04 0.905023E+00
 0.796036E-04 0.905973E+00
 0.812194E-04 0.906942E+00
 0.828680E-04 0.907932E+00
 0.845500E-04 0.908941E+00
 0.862663E-04 0.909971E+00
 0.880173E-04 0.911022E+00
 0.898039E-04 0.912094E+00
 0.916267E-04 0.913188E+00
 0.934866E-04 0.914304E+00
 0.953842E-04 0.915442E+00
 0.973203E-04 0.916604E+00
 0.992957E-04 0.917790E+00
 0.101311E-03 0.918999E+00
 0.103368E-03 0.920233E+00
 0.105466E-03 0.921492E+00
 0.107607E-03 0.922777E+00
 0.109791E-03 0.924087E+00
 0.112019E-03 0.925425E+00
 0.114293E-03 0.926789E+00
 0.116613E-03 0.928181E+00
 0.118980E-03 0.929602E+00
 0.121395E-03 0.931051E+00
 0.123859E-03 0.932529E+00
 0.126373E-03 0.934038E+00
 0.128938E-03 0.935577E+00
 0.131555E-03 0.937148E+00
 0.134226E-03 0.938750E+00
 0.136950E-03 0.940385E+00
 0.139730E-03 0.942053E+00
 0.142566E-03 0.943755E+00
 0.145460E-03 0.945491E+00
 0.148412E-03 0.947263E+00
 0.151425E-03 0.949069E+00
 0.154498E-03 0.950910E+00
 0.157634E-03 0.952795E+00
 0.160834E-03 0.954724E+00
 0.164098E-03 0.956699E+00
 0.167429E-03 0.958719E+00
 0.170827E-03 0.960787E+00
 0.174295E-03 0.962903E+00
 0.177832E-03 0.965068E+00
 0.181442E-03 0.967283E+00
 0.185125E-03 0.969548E+00
 0.188882E-03 0.971866E+00
 0.192716E-03 0.974236E+00
 0.196627E-03 0.976660E+00
 0.200618E-03 0.979140E+00
 0.204690E-03 0.981675E+00
 0.208845E-03 0.984268E+00
 0.213084E-03 0.986919E+00
 0.217409E-03 0.989629E+00
 0.221821E-03 0.992400E+00
 0.226324E-03 0.995233E+00
 0.230917E-03 0.998129E+00
 0.235604E-03 0.100109E+01
 0.240386E-03 0.100411E+01
 0.245265E-03 0.100721E+01
 0.250243E-03 0.101037E+01
 0.255322E-03 0.101360E+01
 0.260504E-03 0.101690E+01
 0.265792E-03 0.102027E+01
 0.271186E-03 0.102372E+01
 0.276690E-03 0.102724E+01
 0.282306E-03 0.103083E+01
 0.288036E-03 0.103451E+01
 0.293882E-03 0.103826E+01
 0.299846E-03 0.104210E+01
 0.305932E-03 0.104602E+01
 0.312141E-03 0.105002E+01
 0.318476E-03 0.105411E+01
 0.324940E-03 0.105828E+01
 0.331535E-03 0.106255E+01
 0.338264E-03 0.106690E+01
 0.345129E-03 0.107135E+01
 0.352133E-03 0.107590E+01
 0.359280E-03 0.108053E+01
 0.366572E-03 0.108527E+01
 0.374012E-03 0.109011E+01
 0.381602E-03 0.109505E+01
 0.389347E-03 0.110009E+01
 0.397249E-03 0.110524E+01
 0.405311E-03 0.111050E+01
 0.413537E-03 0.111587E+01
 0.421929E-03 0.112135E+01
 0.430492E-03 0.112694E+01
 0.439229E-03 0.113265E+01
 0.448143E-03 0.113848E+01
 0.457237E-03 0.114443E+01
 0.466517E-03 0.115051E+01
 0.475984E-03 0.115671E+01
 0.485644E-03 0.116304E+01
 0.495500E-03 0.116950E+01
 0.505555E-03 0.117609E+01
 0.515815E-03 0.118282E+01
 0.526283E-03 0.118968E+01
 0.536963E-03 0.119669E+01
 0.547860E-03 0.120384E+01
 0.558978E-03 0.121114E+01
 0.570321E-03 0.121859E+01
 0.581895E-03 0.122619E+01
 0.593703E-03 0.123395E+01
 0.605751E-03 0.124186E+01
 0.618044E-03 0.124994E+01
 0.630585E-03 0.125818E+01
 0.643382E-03 0.126658E+01
 0.656437E-03 0.127516E+01
 0.669758E-03 0.128391E+01
 0.683349E-03 0.129284E+01
 0.697215E-03 0.130195E+01
 0.711363E-03 0.131124E+01
 0.725798E-03 0.132072E+01
 0.740525E-03 0.133039E+01
 0.755552E-03 0.134026E+01
 0.770883E-03 0.135032E+01
 0.786525E-03 0.136059E+01
 0.802484E-03 0.137106E+01
 0.818767E-03 0.138174E+01
 0.835380E-03 0.139264E+01
 0.852331E-03 0.140375E+01
 0.869625E-03 0.141508E+01
 0.887269E-03 0.142665E+01
 0.905272E-03 0.143844E+01
 0.923640E-03 0.145046E+01
 0.942380E-03 0.146273E+01
 0.961500E-03 0.147523E+01
 0.981008E-03 0.148799E+01
 0.100091E-02 0.150100E+01
 0.102122E-02 0.151426E+01
 0.104194E-02 0.152779E+01
 0.106308E-02 0.154159E+01
 0.108464E-02 0.155565E+01
 0.110665E-02 0.156999E+01
 0.112910E-02 0.158462E+01
 0.115201E-02 0.159953E+01
 0.117538E-02 0.161474E+01
 0.119922E-02 0.163024E+01
 0.122355E-02 0.164604E+01
 0.124837E-02 0.166216E+01
 0.127370E-02 0.167859E+01
 0.129954E-02 0.169534E+01
 0.132590E-02 0.171241E+01
 0.135279E-02 0.172982E+01
 0.138024E-02 0.174757E+01
 0.140823E-02 0.176566E+01
 0.143680E-02 0.178410E+01
 0.146594E-02 0.180290E+01
 0.149568E-02 0.182205E+01
 0.152602E-02 0.184159E+01
 0.155697E-02 0.186149E+01
 0.158855E-02 0.188178E+01
 0.162077E-02 0.190246E+01
 0.165364E-02 0.192354E+01
 0.168718E-02 0.194502E+01
 0.172140E-02 0.196691E+01
 0.175631E-02 0.198922E+01
 0.179193E-02 0.201196E+01
 0.182827E-02 0.203512E+01
 0.186535E-02 0.205874E+01
 0.190318E-02 0.208279E+01
 0.194177E-02 0.210731E+01
 0.198115E-02 0.213229E+01
 0.202133E-02 0.215774E+01
 0.206231E-02 0.218367E+01
 0.210413E-02 0.221009E+01
 0.214680E-02 0.223701E+01
 0.219033E-02 0.226444E+01
 0.223474E-02 0.229238E+01
 0.228005E-02 0.232084E+01
 0.232628E-02 0.234983E+01
 0.237345E-02 0.237937E+01
 0.242157E-02 0.240945E+01
 0.247066E-02 0.244010E+01
 0.252075E-02 0.247131E+01
 0.257186E-02 0.250310E+01
 0.262399E-02 0.253548E+01
 0.267719E-02 0.256846E+01
 0.273146E-02 0.260204E+01
 0.278683E-02 0.263625E+01
 0.284332E-02 0.267108E+01
 0.290095E-02 0.270654E+01
 0.295975E-02 0.274266E+01
 0.301974E-02 0.277943E+01
 0.308094E-02 0.281687E+01
 0.314338E-02 0.285499E+01
 0.320709E-02 0.289380E+01
 0.327208E-02 0.293331E+01
 0.333839E-02 0.297352E+01
 0.340604E-02 0.301447E+01
 0.347506E-02 0.305615E+01
 0.354548E-02 0.309857E+01
 0.361732E-02 0.314175E+01
 0.369061E-02 0.318569E+01
 0.376539E-02 0.323042E+01
 0.384167E-02 0.327594E+01
 0.391950E-02 0.332226E+01
 0.399891E-02 0.336939E+01
 0.407992E-02 0.341734E+01
 0.416256E-02 0.346615E+01
 0.424688E-02 0.351579E+01
 0.433290E-02 0.356630E+01
 0.442066E-02 0.361768E+01
 0.451019E-02 0.366994E+01
 0.460154E-02 0.372312E+01
 0.469472E-02 0.377719E+01
 0.478980E-02 0.383220E+01
 0.488679E-02 0.388813E+01
 0.498574E-02 0.394501E+01
 0.508669E-02 0.400286E+01
 0.518967E-02 0.406167E+01
 0.529474E-02 0.412147E+01
 0.540193E-02 0.418227E+01
 0.551128E-02 0.424407E+01
 0.562284E-02 0.430691E+01
 0.573666E-02 0.437077E+01
 0.585276E-02 0.443568E+01
 0.597122E-02 0.450165E+01
 0.609206E-02 0.456867E+01
 0.621534E-02 0.463681E+01
 0.634111E-02 0.470601E+01
 0.646941E-02 0.477634E+01
 0.660030E-02 0.484778E+01
 0.673383E-02 0.492033E+01
 0.687005E-02 0.499406E+01
 0.700902E-02 0.506891E+01
 0.715079E-02 0.514495E+01
 0.729542E-02 0.522215E+01
 0.744296E-02 0.530052E+01
 0.759347E-02 0.538012E+01
 0.774702E-02 0.546090E+01
 0.790366E-02 0.554291E+01
 0.806345E-02 0.562615E+01
 0.822646E-02 0.571059E+01
 0.839275E-02 0.579633E+01
 0.856239E-02 0.588328E+01
 0.873544E-02 0.597152E+01
 0.891198E-02 0.606102E+01
 0.909206E-02 0.615177E+01
 0.927577E-02 0.624386E+01
 0.946317E-02 0.633720E+01
 0.965434E-02 0.643186E+01
 0.984936E-02 0.652782E+01
 0.100483E-01 0.662505E+01
 0.102512E-01 0.672367E+01
 0.104582E-01 0.682354E+01
 0.106694E-01 0.692477E+01
 0.108848E-01 0.702732E+01
 0.111045E-01 0.713116E+01
 0.113287E-01 0.723640E+01
 0.115573E-01 0.734290E+01
 0.117905E-01 0.745077E+01
 0.120284E-01 0.755996E+01
 0.122711E-01 0.767043E+01
 0.125187E-01 0.778231E+01
 0.127712E-01 0.789544E+01
 0.130287E-01 0.800992E+01
 0.132915E-01 0.812571E+01
 0.135594E-01 0.824275E+01
 0.138328E-01 0.836119E+01
 0.141116E-01 0.848083E+01
 0.143960E-01 0.860178E+01
 0.146861E-01 0.872401E+01
 0.149820E-01 0.884742E+01
 0.152838E-01 0.897219E+01
 0.155917E-01 0.909809E+01
 0.159057E-01 0.922524E+01
 0.162260E-01 0.935359E+01
 0.165526E-01 0.948303E+01
 0.168858E-01 0.961375E+01
 0.172257E-01 0.974550E+01
 0.175723E-01 0.987840E+01
 0.179258E-01 0.100124E+02
 0.182864E-01 0.101473E+02
 0.186542E-01 0.102835E+02
 0.190292E-01 0.104205E+02
 0.194118E-01 0.105585E+02
 0.198020E-01 0.106974E+02
 0.201999E-01 0.108371E+02
 0.206058E-01 0.109779E+02
 0.210197E-01 0.111193E+02
 0.214419E-01 0.112616E+02
 0.218724E-01 0.114045E+02
 0.223115E-01 0.115481E+02
 0.227593E-01 0.116924E+02
 0.232160E-01 0.118372E+02
 0.236817E-01 0.119826E+02
 0.241567E-01 0.121285E+02
 0.246411E-01 0.122746E+02
 0.251351E-01 0.124213E+02
 0.256389E-01 0.125681E+02
 0.261526E-01 0.127151E+02
 0.266765E-01 0.128624E+02
 0.272107E-01 0.130096E+02
 0.277555E-01 0.131570E+02
 0.283110E-01 0.133043E+02
 0.288775E-01 0.134513E+02
 0.294552E-01 0.135983E+02
 0.300443E-01 0.137447E+02
 0.306449E-01 0.138910E+02
 0.312574E-01 0.140366E+02
 0.318820E-01 0.141817E+02
 0.325188E-01 0.143262E+02
 0.331681E-01 0.144697E+02
 0.338302E-01 0.146126E+02
 0.345053E-01 0.147544E+02
 0.351936E-01 0.148951E+02
 0.358954E-01 0.150348E+02
 0.366109E-01 0.151729E+02
 0.373405E-01 0.153099E+02
 0.380843E-01 0.154453E+02
 0.388426E-01 0.155789E+02
 0.396158E-01 0.157111E+02
 0.404040E-01 0.158411E+02
 0.412076E-01 0.159693E+02
 0.420269E-01 0.160954E+02
 0.428621E-01 0.162190E+02
 0.437135E-01 0.163406E+02
 0.445815E-01 0.164594E+02
 0.454664E-01 0.165758E+02
 0.463684E-01 0.166893E+02
 0.472879E-01 0.167998E+02
 0.482252E-01 0.169076E+02
 0.491806E-01 0.170119E+02
 0.501545E-01 0.171131E+02
 0.511472E-01 0.172108E+02
 0.521590E-01 0.173048E+02
 0.531904E-01 0.173953E+02
 0.542415E-01 0.174818E+02
 0.553130E-01 0.175642E+02
 0.564050E-01 0.176427E+02
 0.575179E-01 0.177167E+02
 0.586522E-01 0.177865E+02
 0.598082E-01 0.178516E+02
 0.609863E-01 0.179120E+02
 0.621869E-01 0.179678E+02
 0.634105E-01 0.180184E+02
 0.646573E-01 0.180641E+02
 0.659279E-01 0.181045E+02
 0.672227E-01 0.181395E+02
 0.685420E-01 0.181693E+02
 0.698863E-01 0.181933E+02
 0.712561E-01 0.182118E+02
 0.726518E-01 0.182244E+02
 0.740739E-01 0.182310E+02
 0.755228E-01 0.182319E+02
 0.769990E-01 0.182265E+02
 0.785030E-01 0.182149E+02
 0.800352E-01 0.181971E+02
 0.815961E-01 0.181729E+02
 0.831862E-01 0.181423E+02
 0.848061E-01 0.181052E+02
 0.864563E-01 0.180615E+02
 0.881371E-01 0.180113E+02
 0.898493E-01 0.179544E+02
 0.915932E-01 0.178908E+02
 0.933695E-01 0.178204E+02
 0.951787E-01 0.177434E+02
 0.970213E-01 0.176595E+02
 0.988979E-01 0.175689E+02
 0.100809E+00 0.174716E+02
 0.102755E+00 0.173674E+02
 0.104737E+00 0.172567E+02
 0.106756E+00 0.171391E+02
 0.108811E+00 0.170149E+02
 0.110903E+00 0.168842E+02
 0.113034E+00 0.167468E+02
 0.115204E+00 0.166031E+02
 0.117412E+00 0.164529E+02
 0.119661E+00 0.162965E+02
 0.121951E+00 0.161340E+02
 0.124281E+00 0.159651E+02
 0.126654E+00 0.157905E+02
 0.129069E+00 0.156101E+02
 0.131527E+00 0.154238E+02
 0.134029E+00 0.152323E+02
 0.136576E+00 0.150352E+02
 0.139167E+00 0.148329E+02
 0.141805E+00 0.146259E+02
 0.144490E+00 0.144136E+02
 0.147221E+00 0.141970E+02
 0.150001E+00 0.139761E+02
 0.152830E+00 0.137505E+02
 0.155708E+00 0.135215E+02
 0.158636E+00 0.132884E+02
 0.161615E+00 0.130518E+02
 0.164646E+00 0.128124E+02
 0.167730E+00 0.125693E+02
 0.170866E+00 0.123238E+02
 0.174057E+00 0.120761E+02
 0.177302E+00 0.118254E+02
 0.180603E+00 0.115734E+02
 0.183960E+00 0.113195E+02
 0.187374E+00 0.110639E+02
 0.190846E+00 0.108077E+02
 0.194377E+00 0.105501E+02
 0.197967E+00 0.102921E+02
 0.201617E+00 0.100341E+02
 0.205328E+00 0.977535E+01
 0.209101E+00 0.951733E+01
 0.212937E+00 0.925986E+01
 0.216836E+00 0.900265E+01
 0.220800E+00 0.874700E+01
 0.224828E+00 0.849238E+01
 0.228923E+00 0.823919E+01
 0.233084E+00 0.798823E+01
 0.237314E+00 0.773882E+01
 0.241611E+00 0.749187E+01
 0.245978E+00 0.724777E+01
 0.250415E+00 0.700576E+01
 0.254923E+00 0.676709E+01
 0.259503E+00 0.653178E+01
 0.264155E+00 0.629922E+01
 0.268881E+00 0.607066E+01
 0.273681E+00 0.584581E+01
 0.278557E+00 0.562453E+01
 0.283509E+00 0.540766E+01
 0.288537E+00 0.519483E+01
 0.293644E+00 0.498621E+01
 0.298829E+00 0.478234E+01
 0.304093E+00 0.458280E+01
 0.309438E+00 0.438796E+01
 0.314864E+00 0.419808E+01
 0.320372E+00 0.401281E+01
 0.325962E+00 0.383252E+01
 0.331637E+00 0.365735E+01
 0.337396E+00 0.348697E+01
 0.343240E+00 0.332174E+01
 0.349171E+00 0.316167E+01
 0.355188E+00 0.300651E+01
 0.361294E+00 0.285652E+01
 0.367488E+00 0.271166E+01
 0.373771E+00 0.257175E+01
 0.380145E+00 0.243691E+01
 0.386610E+00 0.230708E+01
 0.393167E+00 0.218217E+01
 0.399816E+00 0.206214E+01
 0.406559E+00 0.194693E+01
 0.413396E+00 0.183652E+01
 0.420328E+00 0.173073E+01
 0.427356E+00 0.162949E+01
 0.434480E+00 0.153288E+01
 0.441702E+00 0.144057E+01
 0.449022E+00 0.135250E+01
 0.456441E+00 0.126881E+01
 0.463959E+00 0.118907E+01
 0.471577E+00 0.111323E+01
 0.479296E+00 0.104145E+01
 0.487117E+00 0.973273E+00
 0.495040E+00 0.908616E+00
 0.503066E+00 0.847666E+00
 0.511195E+00 0.789972E+00
 0.519429E+00 0.735409E+00
 0.527768E+00 0.684162E+00
 0.536212E+00 0.635842E+00
 0.544763E+00 0.590265E+00
 0.553420E+00 0.547587E+00
 0.562185E+00 0.507540E+00
 0.571058E+00 0.469859E+00
 0.580039E+00 0.434643E+00
 0.589130E+00 0.401802E+00
 0.598330E+00 0.370969E+00
 0.607640E+00 0.342164E+00
 0.617061E+00 0.315520E+00
 0.626593E+00 0.290552E+00
 0.636237E+00 0.267237E+00
 0.645993E+00 0.245797E+00
 0.655862E+00 0.225790E+00
 0.665844E+00 0.207142E+00
 0.675939E+00 0.189994E+00
 0.686149E+00 0.174133E+00
 0.696473E+00 0.159369E+00
 0.706911E+00 0.145748E+00
 0.717465E+00 0.133311E+00
 0.728134E+00 0.121744E+00
 0.738919E+00 0.111035E+00
 0.749820E+00 0.101341E+00
 0.760838E+00 0.923741E-01
 0.771973E+00 0.840778E-01
 0.783224E+00 0.765202E-01
 0.794593E+00 0.696450E-01
 0.806080E+00 0.632835E-01
 0.817684E+00 0.574285E-01
 0.829407E+00 0.521981E-01
 0.841248E+00 0.473717E-01
 0.853207E+00 0.429269E-01
 0.865285E+00 0.389089E-01
 0.877482E+00 0.352869E-01
 0.889798E+00 0.319473E-01
 0.902233E+00 0.288860E-01
 0.914787E+00 0.261719E-01
 0.927460E+00 0.236891E-01
 0.940253E+00 0.214086E-01
 0.953166E+00 0.193405E-01
 0.966198E+00 0.175145E-01
 0.979350E+00 0.158329E-01
 0.992621E+00 0.142937E-01
 0.100601E+01 0.129217E-01
 0.101952E+01 0.116946E-01
 0.103315E+01 0.105673E-01
 0.104690E+01 0.953831E-02
 0.106077E+01 0.863460E-02
 0.107476E+01 0.781705E-02
 0.108887E+01 0.706732E-02
 0.110310E+01 0.638439E-02
 0.111744E+01 0.579152E-02
 0.113191E+01 0.525016E-02
 0.114650E+01 0.475413E-02
 0.116120E+01 0.430274E-02
 0.117602E+01 0.391393E-02
 0.119096E+01 0.355655E-02
 0.120602E+01 0.322901E-02
 0.122120E+01 0.293086E-02
 0.123650E+01 0.267484E-02
 0.125191E+01 0.243876E-02
 0.126744E+01 0.222209E-02
 0.128309E+01 0.202454E-02
 0.129886E+01 0.185447E-02
 0.131474E+01 0.169782E-02
 0.133074E+01 0.155368E-02
 0.134686E+01 0.142186E-02
 0.136309E+01 0.130739E-02
 0.137944E+01 0.120258E-02
 0.139590E+01 0.110577E-02
 0.141248E+01 0.101683E-02
 0.142917E+01 0.938298E-03
 0.144598E+01 0.867199E-03
 0.146290E+01 0.801238E-03
 0.147994E+01 0.740336E-03
 0.149709E+01 0.685351E-03
 0.151435E+01 0.636399E-03
 0.153172E+01 0.590770E-03
 0.154921E+01 0.548411E-03
 0.156681E+01 0.509271E-03
 0.158452E+01 0.474932E-03
 0.160234E+01 0.442896E-03
 0.162028E+01 0.412935E-03
 0.163832E+01 0.385016E-03
 0.165647E+01 0.359561E-03
 0.167474E+01 0.336326E-03
 0.169311E+01 0.314524E-03
 0.171159E+01 0.294131E-03
 0.173017E+01 0.275125E-03
 0.174887E+01 0.258046E-03
 0.176767E+01 0.242099E-03
 0.178658E+01 0.227127E-03
 0.180560E+01 0.213115E-03
 0.182472E+01 0.200162E-03
 0.184395E+01 0.188658E-03
 0.186328E+01 0.177706E-03
 0.188272E+01 0.167298E-03
 0.190226E+01 0.157426E-03
 0.192190E+01 0.148094E-03
 0.194165E+01 0.139298E-03
 0.196150E+01 0.130992E-03
 0.198145E+01 0.123169E-03
 0.200150E+01 0.115820E-03
 0.202166E+01 0.108996E-03
 0.204191E+01 0.102675E-03
 0.206227E+01 0.967452E-04
 0.208272E+01 0.912004E-04
 0.210327E+01 0.860345E-04
 0.212392E+01 0.814500E-04
 0.214467E+01 0.774725E-04
 0.216552E+01 0.735981E-04
 0.218646E+01 0.698249E-04
 0.220750E+01 0.661514E-04
 0.222863E+01 0.625427E-04
 0.224986E+01 0.588876E-04
 0.227119E+01 0.554159E-04
 0.229261E+01 0.521248E-04
 0.231412E+01 0.490115E-04
 0.233572E+01 0.460732E-04
 0.235742E+01 0.432141E-04
 0.237921E+01 0.405493E-04
