 atom Ni   dist =   0.00000    coord    0.00000   0.00000   0.00000
   7.2889464807377011E-004   2.4045112605860022E-002
   1.4577892961475402E-003   2.4613318410228197E-002
   2.1866839442213105E-003   2.5093176785652548E-002
   2.9155785922950804E-003   2.5540004304287881E-002
   3.6444732403688503E-003   2.5971152891970398E-002
   4.3733678884426202E-003   2.6394320719033675E-002
   5.1022625365163901E-003   2.6813704305047599E-002
   5.8311571845901600E-003   2.7231821995191450E-002
   6.5600518326639299E-003   2.7650139666041254E-002
   7.2889464807376998E-003   2.8069936250725919E-002
   8.0178411288114697E-003   2.8491945128934101E-002
   8.7467357768852404E-003   2.8916829072906828E-002
   9.4756304249590112E-003   2.9345052593304180E-002
   1.0204525073032782E-002   2.9776877063943209E-002
   1.0933419721106553E-002   3.0212798878649458E-002
   1.1662314369180323E-002   3.0653057701681745E-002
   1.2391209017254094E-002   3.1097657904847899E-002
   1.3120103665327865E-002   3.1547003075216670E-002
   1.3848998313401636E-002   3.2001240045111359E-002
   1.4577892961475407E-002   3.2460500611009316E-002
   1.5306787609549177E-002   3.2924916353490277E-002
   1.6035682257622946E-002   3.3394613667118982E-002
   1.6764576905696715E-002   3.3869711728575884E-002
   1.7493471553770484E-002   3.4350320084868616E-002
   1.8222366201844253E-002   3.4836484938126161E-002
   1.8951260849918022E-002   3.5328299349973995E-002
   1.9680155497991791E-002   3.5825896870461275E-002
   2.0409050146065560E-002   3.6329346900522030E-002
   2.1137944794139329E-002   3.6838681784104196E-002
   2.1866839442213098E-002   3.7354001126398799E-002
   2.2595734090286868E-002   3.7875347510919782E-002
   2.3324628738360637E-002   3.8402749512864792E-002
   2.4053523386434406E-002   3.8936360443254082E-002
   2.4782418034508175E-002   3.9476036535828089E-002
   2.5511312682581944E-002   4.0022067895339353E-002
   2.6240207330655713E-002   4.0574294806596932E-002
   2.6969101978729482E-002   4.1132789345691333E-002
   2.7697996626803251E-002   4.1697690983049568E-002
   2.8426891274877020E-002   4.2268776214526592E-002
   2.9155785922950789E-002   4.2846423449756921E-002
   3.0613575219098330E-002   4.4020597803276135E-002
   3.2071364515245872E-002   4.5220205305254821E-002
   3.3529153811393410E-002   4.6445094252542903E-002
   3.4986943107540948E-002   4.7695175958498051E-002
   3.6444732403688486E-002   4.8970568141054278E-002
   3.7902521699836024E-002   5.0270466054954693E-002
   3.9360310995983562E-002   5.1594095409296999E-002
   4.0818100292131100E-002   5.2940333925224251E-002
   4.2275889588278638E-002   5.4310047815734522E-002
   4.3733678884426176E-002   5.5701111173929126E-002
   4.5191468180573714E-002   5.7111421467776889E-002
   4.6649257476721252E-002   5.8541822303113257E-002
   4.8107046772868790E-002   5.9989511839482368E-002
   4.9564836069016328E-002   6.1451915162120195E-002
   5.1022625365163866E-002   6.2929992279282379E-002
   5.2480414661311404E-002   6.4418194031771181E-002
   5.3938203957458943E-002   6.5917847606022012E-002
   5.5395993253606481E-002   6.7423690183866500E-002
   5.6853782549754019E-002   6.8935200260026766E-002
   5.8311571845901557E-002   7.0448441059709044E-002
   5.9769361142049095E-002   7.1961718803152303E-002
   6.1227150438196633E-002   7.3471181459309531E-002
   6.2684939734344178E-002   7.4975224626936690E-002
   6.4142729030491716E-002   7.6469207799765612E-002
   6.5600518326639254E-002   7.7952508108014615E-002
   6.7058307622786792E-002   7.9419630831929294E-002
   6.8516096918934330E-002   8.0870355671484401E-002
   6.9973886215081868E-002   8.2299932569806417E-002
   7.1431675511229406E-002   8.3706767525181969E-002
   7.2889464807376944E-002   8.5088369024105229E-002
   7.4347254103524482E-002   8.6442306834861038E-002
   7.5805043399672020E-002   8.7766550877752869E-002
   7.7262832695819558E-002   8.9060008331096896E-002
   7.8720621991967096E-002   9.0320232804171507E-002
   8.0178411288114634E-002   9.1546567532999640E-002
   8.1636200584262172E-002   9.2739102401805995E-002
   8.3093989880409710E-002   9.3894483725479150E-002
   8.4551779176557249E-002   9.5014997525191297E-002
   8.6009568472704787E-002   9.6101043532279967E-002
   8.7467357768852325E-002   9.7148456186109317E-002
   9.0382936361147401E-002   9.9143462741188404E-002
   9.3298514953442477E-002  0.10099995917673563     
   9.6214093545737553E-002  0.10273365680562291     
   9.9129672138032629E-002  0.10435278075976426     
  0.10204525073032771       0.10586745470648565     
  0.10496082932262278       0.10729804738830248     
  0.10787640791491786       0.10864615632567086     
  0.11079198650721293       0.10993901660620439     
  0.11370756509950801       0.11117243196940174     
  0.11662314369180309       0.11237445516136436     
  0.11953872228409816       0.11354004378183040     
  0.12245430087639324       0.11469374860042948     
  0.12536987946868833       0.11582821682845948     
  0.12828545806098340       0.11696589577462214     
  0.13120103665327848       0.11810049746163209     
  0.13411661524557356       0.11924785879445281     
  0.13703219383786863       0.12040601098275491     
  0.13994777243016371       0.12158266891628955     
  0.14286335102245878       0.12278156054834563     
  0.14577892961475386       0.12400258836444145     
  0.14869450820704894       0.12525272648025321     
  0.15161008679934401       0.12653109684895850     
  0.15452566539163909       0.12784099059933701     
  0.15744124398393416       0.12918422772073634     
  0.16035682257622924       0.13056215316367317     
  0.16327240116852432       0.13197496057909944     
  0.16618797976081939       0.13342512509028906     
  0.16910355835311447       0.13491370531526797     
  0.17201913694540955       0.13643856795076878     
  0.17493471553770462       0.13800411637191420     
  0.17785029412999970       0.13961011590177336     
  0.18076587272229477       0.14125288030095001     
  0.18368145131458985       0.14293782353735174     
  0.18659702990688493       0.14466576196463754     
  0.18951260849918000       0.14643006680233456     
  0.19242818709147508       0.14823469738073389     
  0.19534376568377015       0.15008756653509980     
  0.19825934427606523       0.15197554410500130     
  0.20117492286836031       0.15390084827086509     
  0.20409050146065538       0.15587601555647271     
  0.20992165864524553       0.15993641987891147     
  0.21575281582983569       0.16416236393709607     
  0.22158397301442584       0.16853469643397256     
  0.22741513019901599       0.17307071130498897     
  0.23324628738360614       0.17773765981892306     
  0.23907744456819630       0.18255724385061803     
  0.24490860175278645       0.18748984661412699     
  0.25073975893737660       0.19255310278027618     
  0.25657091612196675       0.19770875702447435     
  0.26240207330655690       0.20296059548714496     
  0.26823323049114706       0.20828125822798607     
  0.27406438767573721       0.21365163337743645     
  0.27989554486032736       0.21906261054838252     
  0.28572670204491751       0.22447321288617134     
  0.29155785922950767       0.22988056681128019     
  0.29738901641409782       0.23524549687349233     
  0.30322017359868797       0.24054666118789819     
  0.30905133078327812       0.24576267019460646     
  0.31488248796786827       0.25086926828273165     
  0.32071364515245843       0.25583414314065667     
  0.32654480233704858       0.26064954171760102     
  0.33237595952163873       0.26529925038197244     
  0.33820711670622888       0.26973661774264629     
  0.34403827389081904       0.27398899414820388     
  0.34986943107540919       0.27804261141004349     
  0.35570058825999934       0.28184115244788133     
  0.36153174544458949       0.28544834365575522     
  0.36736290262917964       0.28885461883354768     
  0.37319405981376980       0.29200180890378774     
  0.37902521699835995       0.29497124071424774     
  0.38485637418295010       0.29776559714790690     
  0.39068753136754025       0.30033669935780977     
  0.39651868855213040       0.30274709180328041     
  0.40234984573672056       0.30502579210054381     
  0.40818100292131071       0.30715170693960453     
  0.41401216010590086       0.30912105699484776     
  0.41984331729049101       0.31100758576036980     
  0.42567447447508117       0.31281243122025315     
  0.43150563165967132       0.31449320355273103     
  0.43733678884426147       0.31611145034406085     
  0.44899910321344177       0.31923785715013181     
  0.46066141758262208       0.32215938766213620     
  0.47232373195180238       0.32507117087425436     
  0.48398604632098269       0.32792606092814747     
  0.49564836069016299       0.33087050237641635     
  0.50731067505934335       0.33386590770868346     
  0.51897298942852366       0.33700298471697837     
  0.53063530379770396       0.34026587314622125     
  0.54229761816688427       0.34369380626980778     
  0.55395993253606457       0.34729389514057774     
  0.56562224690524487       0.35107215611935838     
  0.57728456127442518       0.35503839026844136     
  0.58894687564360548       0.35920456597785777     
  0.60060919001278579       0.36355683408085365     
  0.61227150438196609       0.36811638580981138     
  0.62393381875114640       0.37287292931389365     
  0.63559613312032670       0.37781466969993527     
  0.64725844748950701       0.38298239136945694     
  0.65892076185868731       0.38833111936454229     
  0.67058307622786761       0.39386432912112374     
  0.68224539059704792       0.39963390070518778     
  0.69390770496622822       0.40557061475484713     
  0.70557001933540853       0.41169237771009781     
  0.71723233370458883       0.41804903838221841     
  0.72889464807376914       0.42456834874750049     
  0.74055696244294944       0.43126298199171026     
  0.75221927681212974       0.43820057102218163     
  0.76388159118131005       0.44529813139165625     
  0.77554390555049035       0.45256581908712296     
  0.78720621991967066       0.46006147189188368     
  0.79886853428885096       0.46773452994087306     
  0.81053084865803127       0.47557242734800320     
  0.82219316302721157       0.48360683789858266     
  0.83385547739639188       0.49185343670889226     
  0.84551779176557218       0.50026035464658181     
  0.85718010613475248       0.50883684757119541     
  0.86884242050393279       0.51763220414758582     
  0.88050473487311309       0.52660663706290944     
  0.89216704924229340       0.53574554605419766     
  0.90382936361147370       0.54505642295040235     
  0.92715399234983431       0.56428731417527433     
  0.95047862108819492       0.58419067621608289     
  0.97380324982655553       0.60485179042914761     
  0.99712787856491614       0.62618645844292620     
   1.0204525073032769       0.64824003997405510     
   1.0437771360416375       0.67096980997118383     
   1.0671017647799981       0.69437047538007612     
   1.0904263935183587       0.71843875215883368     
   1.1137510222567193       0.74313934316043129     
   1.1370756509950799       0.76845969401576741     
   1.1604002797334405       0.79441285909108272     
   1.1837249084718011       0.82087121813150477     
   1.2070495372101617       0.84793635554974689     
   1.2303741659485223       0.87548875363211176     
   1.2536987946868829       0.90349818442801810     
   1.2770234234252436       0.93203609349215322     
   1.3003480521636042       0.96085924943407763     
   1.3236726809019648       0.99009479910932785     
   1.3469973096403254        1.0197405626073626     
   1.3703219383786860        1.0494487316955468     
   1.3936465671170466        1.0794905583559260     
   1.4169711958554072        1.1098008707503229     
   1.4402958245937678        1.1399556006501792     
   1.4636204533321284        1.1703121285752756     
   1.4869450820704890        1.2007872537478370     
   1.5102697108088496        1.2309305306721408     
   1.5335943395472103        1.2610628187686113     
   1.5569189682855709        1.2911702026543319     
   1.5802435970239315        1.3208696126291697     
   1.6035682257622921        1.3502311194259218     
   1.6268928545006527        1.3794353391660634     
   1.6502174832390133        1.4083193898518294     
   1.6735421119773739        1.4363998172771428     
   1.6968667407157345        1.4642054701060778     
   1.7201913694540951        1.4916319630123729     
   1.7435159981924557        1.5183390179518268     
   1.7668406269308163        1.5443301871917854     
   1.7901652556691769        1.5698674922366564     
   1.8134898844075376        1.5948639091091876     
   1.8368145131458982        1.6189330721088959     
   1.8834637706226194        1.6650785829525738     
   1.9301130280993406        1.7084141884916109     
   1.9767622855760618        1.7486126114149529     
   2.0234115430527830        1.7859629425077619     
   2.0700608005295043        1.8200383266794988     
   2.1167100580062255        1.8514351081043137     
   2.1633593154829467        1.8794857555514672     
   2.2100085729596679        1.9049520763426890     
   2.2566578304363891        1.9274056469129635     
   2.3033070879131103        1.9472149817244973     
   2.3499563453898316        1.9643701199116423     
   2.3966056028665528        1.9788183957597698     
   2.4432548603432740        1.9908357773520329     
 atom Ni   dist =   4.70890    coord    1.35934   2.35445  -3.84480
   7.2889464807377011E-004   2.4071676212384360E-002
   1.4577892961475402E-003   2.4640404140864360E-002
   2.1866839442213105E-003   2.5120657378935284E-002
   2.9155785922950804E-003   2.5567811456133665E-002
   3.6444732403688503E-003   2.5999234971959280E-002
   4.3733678884426202E-003   2.6422631944624176E-002
   5.1022625365163901E-003   2.6842200587507553E-002
   5.8311571845901600E-003   2.7260458895881943E-002
   6.5600518326639299E-003   2.7678871339001671E-002
   7.2889464807376998E-003   2.8098714556385979E-002
   8.0178411288114697E-003   2.8520719216605678E-002
   8.7467357768852404E-003   2.8945544836987091E-002
   9.4756304249590112E-003   2.9373652344668374E-002
   1.0204525073032782E-002   2.9805299471377843E-002
   1.0933419721106553E-002   3.0240978006309566E-002
   1.1662314369180323E-002   3.0680923072624593E-002
   1.2391209017254094E-002   3.1125134879634784E-002
   1.3120103665327865E-002   3.1574011249071651E-002
   1.3848998313401636E-002   3.2027693592724470E-002
   1.4577892961475407E-002   3.2486307984102236E-002
   1.5306787609549177E-002   3.2949979905183745E-002
   1.6035682257622946E-002   3.3418829270610961E-002
   1.6764576905696715E-002   3.3892968376945845E-002
   1.7493471553770484E-002   3.4372499464998957E-002
   1.8222366201844253E-002   3.4857461644378335E-002
   1.8951260849918022E-002   3.5347940267298622E-002
   1.9680155497991791E-002   3.5844059923029824E-002
   2.0409050146065560E-002   3.6345880966915330E-002
   2.1137944794139329E-002   3.6853427096420865E-002
   2.1866839442213098E-002   3.7366788889424143E-002
   2.2595734090286868E-002   3.7885997644257152E-002
   2.3324628738360637E-002   3.8411072007390620E-002
   2.4053523386434406E-002   3.8942154692283786E-002
   2.4782418034508175E-002   3.9479089498731842E-002
   2.5511312682581944E-002   4.0022155569939030E-002
   2.6240207330655713E-002   4.0571179942499952E-002
   2.6969101978729482E-002   4.1126222183662582E-002
   2.7697996626803251E-002   4.1687407694358039E-002
   2.8426891274877020E-002   4.2254499877215856E-002
   2.9155785922950789E-002   4.2827860985417361E-002
   3.0613575219098330E-002   4.3992526674799658E-002
   3.2071364515245872E-002   4.5181268888759583E-002
   3.3529153811393410E-002   4.6393800918612740E-002
   3.4986943107540948E-002   4.7629889317580124E-002
   3.6444732403688486E-002   4.8889493912681339E-002
   3.7902521699836024E-002   5.0171654302192531E-002
   3.9360310995983562E-002   5.1475434379699210E-002
   4.0818100292131100E-002   5.2799551476877413E-002
   4.2275889588278638E-002   5.4144663642967071E-002
   4.3733678884426176E-002   5.5508489299821918E-002
   4.5191468180573714E-002   5.6888778058366549E-002
   4.6649257476721252E-002   5.8286144271248924E-002
   4.8107046772868790E-002   5.9697653407249369E-002
   4.9564836069016328E-002   6.1120611928098624E-002
   5.1022625365163866E-002   6.2555733502217839E-002
   5.2480414661311404E-002   6.3997483329210569E-002
   5.3938203957458943E-002   6.5446937995724971E-002
   5.5395993253606481E-002   6.6898888839147366E-002
   5.6853782549754019E-002   6.8352675371140814E-002
   5.8311571845901557E-002   6.9804415247799900E-002
   5.9769361142049095E-002   7.1252385569964188E-002
   6.1227150438196633E-002   7.2692862395031088E-002
   6.2684939734344178E-002   7.4124266163937580E-002
   6.4142729030491716E-002   7.5542243830461889E-002
   6.5600518326639254E-002   7.6946171927100127E-002
   6.7058307622786792E-002   7.8331058734103967E-002
   6.8516096918934330E-002   7.9696666468696289E-002
   6.9973886215081868E-002   8.1038847788551249E-002
   7.1431675511229406E-002   8.2356185884817704E-002
   7.2889464807376944E-002   8.3646641953325482E-002
   7.4347254103524482E-002   8.4908244173934957E-002
   7.5805043399672020E-002   8.6139226523723356E-002
   7.7262832695819558E-002   8.7339082108648727E-002
   7.8720621991967096E-002   8.8505729540274566E-002
   8.0178411288114634E-002   8.9638920489048812E-002
   8.1636200584262172E-002   9.0739153285918112E-002
   8.3093989880409710E-002   9.1803518712767623E-002
   8.4551779176557249E-002   9.2834568319966976E-002
   8.6009568472704787E-002   9.3832997224357811E-002
   8.7467357768852325E-002   9.4795153520435688E-002
   9.0382936361147401E-002   9.6626878069834443E-002
   9.3298514953442477E-002   9.8331620996813793E-002
   9.6214093545737553E-002   9.9925483186807745E-002
   9.9129672138032629E-002  0.10141716980888564     
  0.10204525073032771       0.10281683812735989     
  0.10496082932262278       0.10414357872308536     
  0.10787640791491786       0.10539925864659110     
  0.11079198650721293       0.10660864359719849     
  0.11370756509950801       0.10776809648656710     
  0.11662314369180309       0.10890277176181186     
  0.11953872228409816       0.11000815390772201     
  0.12245430087639324       0.11110607105127167     
  0.12536987946868833       0.11218993364264941     
  0.12828545806098340       0.11327959917344085     
  0.13120103665327848       0.11436945008044423     
  0.13411661524557356       0.11547343612792524     
  0.13703219383786863       0.11658980097310699     
  0.13994777243016371       0.11772530800894361     
  0.14286335102245878       0.11888324048032868     
  0.14577892961475386       0.12006352905497049     
  0.14869450820704894       0.12127227235948103     
  0.15161008679934401       0.12250879968133600     
  0.15452566539163909       0.12377595438746215     
  0.15744124398393416       0.12507538094783488     
  0.16035682257622924       0.12640842577135192     
  0.16327240116852432       0.12777513794276682     
  0.16618797976081939       0.12917786982086993     
  0.16910355835311447       0.13061765170181744     
  0.17201913694540955       0.13209253019346801     
  0.17493471553770462       0.13360663709037132     
  0.17785029412999970       0.13515983722313815     
  0.18076587272229477       0.13674882332702895     
  0.18368145131458985       0.13837867143094307     
  0.18659702990688493       0.14005024623632351     
  0.18951260849918000       0.14175758873808603     
  0.19242818709147508       0.14350447356604323     
  0.19534376568377015       0.14529831999378071     
  0.19825934427606523       0.14712723006762060     
  0.20117492286836031       0.14899342040163813     
  0.20409050146065538       0.15090863654093600     
  0.20992165864524553       0.15485055098360048     
  0.21575281582983569       0.15896010006322939     
  0.22158397301442584       0.16322160079218861     
  0.22741513019901599       0.16765372758066599     
  0.23324628738360614       0.17222847687425560     
  0.23907744456819630       0.17696960020401539     
  0.24490860175278645       0.18184277341664615     
  0.25073975893737660       0.18686903730734492     
  0.25657091612196675       0.19201526927581700     
  0.26240207330655690       0.19729021460037910     
  0.26823323049114706       0.20267120628915850     
  0.27406438767573721       0.20814454941050003     
  0.27989554486032736       0.21370647347898214     
  0.28572670204491751       0.21931887367842859     
  0.29155785922950767       0.22498674414556852     
  0.29738901641409782       0.23066988066121458     
  0.30322017359868797       0.23635198385906564     
  0.30905133078327812       0.24201320938839513     
  0.31488248796786827       0.24762512975727113     
  0.32071364515245843       0.25316001621397943     
  0.32654480233704858       0.25860152206471992     
  0.33237595952163873       0.26392775742786706     
  0.33820711670622888       0.26909276285691930     
  0.34403827389081904       0.27410844131190293     
  0.34986943107540919       0.27895363841242310     
  0.35570058825999934       0.28356766406710432     
  0.36153174544458949       0.28799877867539347     
  0.36736290262917964       0.29222916392907189     
  0.37319405981376980       0.29619219537693553     
  0.37902521699835995       0.29995990785204363     
  0.38485637418295010       0.30352786704877799     
  0.39068753136754025       0.30683808612182967     
  0.39651868855213040       0.30995046426264733     
  0.40234984573672056       0.31289132530879271     
  0.40818100292131071       0.31563290277081130     
  0.41401216010590086       0.31816692009377623     
  0.41984331729049101       0.32057413923294598     
  0.42567447447508117       0.32285425934885686     
  0.43150563165967132       0.32495535779510182     
  0.43733678884426147       0.32694949049057215     
  0.44899910321344177       0.33070862528244221     
  0.46066141758262208       0.33408951106937301     
  0.47232373195180238       0.33733970236744448     
  0.48398604632098269       0.34040051883167655     
  0.49564836069016299       0.34347095012487605     
  0.50731067505934335       0.34649942713742043     
  0.51897298942852366       0.34961980206012999     
  0.53063530379770396       0.35280618800270763     
  0.54229761816688427       0.35612587197755735     
  0.55395993253606457       0.35958464335848644     
  0.56562224690524487       0.36319778041428330     
  0.57728456127442518       0.36698738934230896     
  0.58894687564360548       0.37095419271906876     
  0.60060919001278579       0.37510484465884586     
  0.61227150438196609       0.37945312216760313     
  0.62393381875114640       0.38399324600034612     
  0.63559613312032670       0.38871913544191061     
  0.64725844748950701       0.39366429086223353     
  0.65892076185868731       0.39879169495623806     
  0.67058307622786761       0.40410493834283545     
  0.68224539059704792       0.40965088281523443     
  0.69390770496622822       0.41536628089756950     
  0.70557001933540853       0.42126796920318710     
  0.71723233370458883       0.42740338109316817     
  0.72889464807376914       0.43370269737869671     
  0.74055696244294944       0.44017818784186530     
  0.75221927681212974       0.44689685417783026     
  0.76388159118131005       0.45377541281454609     
  0.77554390555049035       0.46082400022624509     
  0.78720621991967066       0.46810164946869687     
  0.79886853428885096       0.47555580624050559     
  0.81053084865803127       0.48317347020998691     
  0.82219316302721157       0.49098778358452377     
  0.83385547739639188       0.49901474697264742     
  0.84551779176557218       0.50719924219366164     
  0.85718010613475248       0.51555101672422921     
  0.86884242050393279       0.52412351591878537     
  0.88050473487311309       0.53287275803564138     
  0.89216704924229340       0.54178268774801852     
  0.90382936361147370       0.55086147375892025     
  0.92715399234983431       0.56963049300633539     
  0.95047862108819492       0.58905401798958013     
  0.97380324982655553       0.60923461844669879     
  0.99712787856491614       0.63006726829691562     
   1.0204525073032769       0.65161759390455642     
   1.0437771360416375       0.67382163134949669     
   1.0671017647799981       0.69669278516491984     
   1.0904263935183587       0.72021250901601142     
   1.1137510222567193       0.74435389833556209     
   1.1370756509950799       0.76910700928633313     
   1.1604002797334405       0.79447012547559848     
   1.1837249084718011       0.82034769029322796     
   1.2070495372101617       0.84681031371099180     
   1.2303741659485223       0.87375855244523370     
   1.2536987946868829       0.90116612868389812     
   1.2770234234252436       0.92908815454032789     
   1.3003480521636042       0.95731533743807751     
   1.3236726809019648       0.98595629517155969     
   1.3469973096403254        1.0150070853583040     
   1.3703219383786860        1.0441607361155605     
   1.3936465671170466        1.0736581979121680     
   1.4169711958554072        1.1034414925831306     
   1.4402958245937678        1.1331295704190694     
   1.4636204533321284        1.1630472564316170     
   1.4869450820704890        1.1931211458825266     
   1.5102697108088496        1.2229414708566473     
   1.5335943395472103        1.2528052092591166     
   1.5569189682855709        1.2827023244793869     
   1.5802435970239315        1.3122815738005873     
   1.6035682257622921        1.3416115836595248     
   1.6268928545006527        1.3708628083382319     
   1.6502174832390133        1.3998864599945686     
   1.6735421119773739        1.4282317804861007     
   1.6968667407157345        1.4563990112484302     
   1.7201913694540951        1.4842916705655622     
   1.7435159981924557        1.5115884799020602     
   1.7668406269308163        1.5382948892849428     
   1.7901652556691769        1.5646620197114711     
   1.8134898844075376        1.5906064205912147     
   1.8368145131458982        1.6157548963296333     
   1.8834637706226194        1.6644256300492233     
   1.9301130280993406        1.7107620659347276     
   1.9767622855760618        1.7544232584824575     
   2.0234115430527830        1.7956580525463239     
   2.0700608005295043        1.8340042249890709     
   2.1167100580062255        1.8700136832406291     
   2.1633593154829467        1.9029595229776131     
   2.2100085729596679        1.9335673459804150     
   2.2566578304363891        1.9613427246993582     
   2.3033070879131103        1.9866121459276511     
   2.3499563453898316        2.0093193305458592     
   2.3966056028665528        2.0293451657707497     
   2.4432548603432740        2.0469497052399532     
   2.4899041178199952        2.0619283353968108     
   2.5365533752967164        2.0744030734822072     
 atom Ni   dist =   8.15606    coord   -1.35934   2.35445  -7.68961
   7.2889464807377011E-004   2.4071676903313848E-002
   1.4577892961475402E-003   2.4640404899441679E-002
   2.1866839442213105E-003   2.5120658198404797E-002
   2.9155785922950804E-003   2.5567812335527410E-002
   3.6444732403688503E-003   2.5999235912227772E-002
   4.3733678884426202E-003   2.6422632947655424E-002
   5.1022625365163901E-003   2.6842201655783101E-002
   5.8311571845901600E-003   2.7260460032315952E-002
   6.5600518326639299E-003   2.7678872546832017E-002
   7.2889464807376998E-003   2.8098715839186710E-002
   8.0178411288114697E-003   2.8520720578226983E-002
   8.7467357768852404E-003   2.8945546281570155E-002
   9.4756304249590112E-003   2.9373653876632749E-002
   1.0204525073032782E-002   2.9805301095400874E-002
   1.0933419721106553E-002   3.0240979727397324E-002
   1.1662314369180323E-002   3.0680924896079112E-002
   1.2391209017254094E-002   3.1125136811015447E-002
   1.3120103665327865E-002   3.1574013294308985E-002
   1.3848998313401636E-002   3.2027695758079920E-002
   1.4577892961475407E-002   3.2486310276183081E-002
   1.5306787609549177E-002   3.2949982330962482E-002
   1.6035682257622946E-002   3.3418831837444242E-002
   1.6764576905696715E-002   3.3892971092593545E-002
   1.7493471553770484E-002   3.4372502337643072E-002
   1.8222366201844253E-002   3.4857464682623900E-002
   1.8951260849918022E-002   3.5347943480210836E-002
   1.9680155497991791E-002   3.5844063320173057E-002
   2.0409050146065560E-002   3.6345884558364697E-002
   2.1137944794139329E-002   3.6853430892772945E-002
   2.1866839442213098E-002   3.7366792901821905E-002
   2.2595734090286868E-002   3.7886001884410762E-002
   2.3324628738360637E-002   3.8411076487598124E-002
   2.4053523386434406E-002   3.8942159425518132E-002
   2.4782418034508175E-002   3.9479094498527351E-002
   2.5511312682581944E-002   4.0022160850635841E-002
   2.6240207330655713E-002   4.0571185519048134E-002
   2.6969101978729482E-002   4.1126228071770132E-002
   2.7697996626803251E-002   4.1687413910566587E-002
   2.8426891274877020E-002   4.2254506438720425E-002
   2.9155785922950789E-002   4.2827867910460220E-002
   3.0613575219098330E-002   4.3992534384586682E-002
   3.2071364515245872E-002   4.5181277466452612E-002
   3.3529153811393410E-002   4.6393810455066582E-002
   3.4986943107540948E-002   4.7629899911969364E-002
   3.6444732403688486E-002   4.8889505673312100E-002
   3.7902521699836024E-002   5.0171667346265748E-002
   3.9360310995983562E-002   5.1475448833797711E-002
   4.0818100292131100E-002   5.2799567477008806E-002
   4.2275889588278638E-002   5.4144681337424526E-002
   4.3733678884426176E-002   5.5508508846121490E-002
   4.5191468180573714E-002   5.6888799623193105E-002
   4.6649257476721252E-002   5.8286168034935137E-002
   4.8107046772868790E-002   5.9697679558642247E-002
   4.9564836069016328E-002   6.1120640664354027E-002
   5.1022625365163866E-002   6.2555765034967001E-002
   5.2480414661311404E-002   6.3997517872144985E-002
   5.3938203957458943E-002   6.5446975777260788E-002
   5.5395993253606481E-002   6.6898930088095082E-002
   5.6853782549754019E-002   6.8352720325794092E-002
   5.8311571845901557E-002   6.9804464146782999E-002
   5.9769361142049095E-002   7.1252438656197889E-002
   6.1227150438196633E-002   7.2692919908257644E-002
   6.2684939734344178E-002   7.4124328345124335E-002
   6.4142729030491716E-002   7.5542310910605329E-002
   6.5600518326639254E-002   7.6946244137456321E-002
   6.7058307622786792E-002   7.8331136288183764E-002
   6.8516096918934330E-002   7.9696749577478604E-002
   6.9973886215081868E-002   8.1038936642605808E-002
   7.1431675511229406E-002   8.2356280662756909E-002
   7.2889464807376944E-002   8.3646742817034811E-002
   7.4347254103524482E-002   8.4908351266644436E-002
   7.5805043399672020E-002   8.6139339968473130E-002
   7.7262832695819558E-002   8.7339202013139272E-002
   7.8720621991967096E-002   8.8505855986863322E-002
   8.0178411288114634E-002   8.9639053543376077E-002
   8.1636200584262172E-002   9.0739293000825977E-002
   8.3093989880409710E-002   9.1803665106627463E-002
   8.4551779176557249E-002   9.2834721409852952E-002
   8.6009568472704787E-002   9.3833157015385679E-002
   8.7467357768852325E-002   9.4795319975633910E-002
   9.0382936361147401E-002   9.6627057787717685E-002
   9.3298514953442477E-002   9.8331813758374839E-002
   9.6214093545737553E-002   9.9925688776940400E-002
   9.9129672138032629E-002  0.10141738797849008     
  0.10204525073032771       0.10281706862038660     
  0.10496082932262278       0.10414382137559115     
  0.10787640791491786       0.10539951324779337     
  0.11079198650721293       0.10660891012139652     
  0.11370756509950801       0.10776837483315609     
  0.11662314369180309       0.10890306205717312     
  0.11953872228409816       0.11000845621208394     
  0.12245430087639324       0.11110638565085480     
  0.12536987946868833       0.11219026074760897     
  0.12828545806098340       0.11327993922471215     
  0.13120103665327848       0.11436980346305980     
  0.13411661524557356       0.11547380341217255     
  0.13703219383786863       0.11659018272967352     
  0.13994777243016371       0.11772570492198632     
  0.14286335102245878       0.11888365331080390     
  0.14577892961475386       0.12006395859954411     
  0.14869450820704894       0.12127271954312388     
  0.15161008679934401       0.12250926546734194     
  0.15452566539163909       0.12377643983387854     
  0.15744124398393416       0.12507588719637669     
  0.16035682257622924       0.12640895404947144     
  0.16327240116852432       0.12777568954685362     
  0.16618797976081939       0.12917844616173974     
  0.16910355835311447       0.13061825428786880     
  0.17201913694540955       0.13209316058529605     
  0.17493471553770462       0.13360729701917173     
  0.17785029412999970       0.13516052851981475     
  0.18076587272229477       0.13674954786069110     
  0.18368145131458985       0.13837943128925964     
  0.18659702990688493       0.14005104365204918     
  0.18951260849918000       0.14175842593829971     
  0.19242818709147508       0.14350535299765535     
  0.19534376568377015       0.14529924443738126     
  0.19825934427606523       0.14712820216439923     
  0.20117492286836031       0.14899444300292941     
  0.20409050146065538       0.15090971299760628     
  0.20992165864524553       0.15485174497366058     
  0.21575281582983569       0.15896142659648893     
  0.22158397301442584       0.16322307614860962     
  0.22741513019901599       0.16765537068831254     
  0.23324628738360614       0.17223030777881590     
  0.23907744456819630       0.17697164231440837     
  0.24490860175278645       0.18184505120500460     
  0.25073975893737660       0.18687157903611282     
  0.25657091612196675       0.19201810444293624     
  0.26240207330655690       0.19729337629511959     
  0.26823323049114706       0.20267472946632439     
  0.27406438767573721       0.20814847135141609     
  0.27989554486032736       0.21371083454057704     
  0.28572670204491751       0.21932371442333254     
  0.29155785922950767       0.22499210863734631     
  0.29738901641409782       0.23067581214285030     
  0.30322017359868797       0.23635852632965049     
  0.30905133078327812       0.24202040673880615     
  0.31488248796786827       0.24763302405456536     
  0.32071364515245843       0.25316864677837014     
  0.32654480233704858       0.25861092607311142     
  0.33237595952163873       0.26393796834461131     
  0.33820711670622888       0.26910380552581842     
  0.34403827389081904       0.27412034010352893     
  0.34986943107540919       0.27896641146382983     
  0.35570058825999934       0.28358131466702019     
  0.36153174544458949       0.28801331487373594     
  0.36736290262917964       0.29224458631034961     
  0.37319405981376980       0.29620848556823431     
  0.37902521699835995       0.29997705787492712     
  0.38485637418295010       0.30354586370519943     
  0.39068753136754025       0.30685689772543800     
  0.39651868855213040       0.30997006872299548     
  0.40234984573672056       0.31291170335185470     
  0.40818100292131071       0.31565402428874195     
  0.41401216010590086       0.31818874886482434     
  0.41984331729049101       0.32059665785331998     
  0.42567447447508117       0.32287744813778751     
  0.43150563165967132       0.32497917969481360     
  0.43733678884426147       0.32697392700854516     
  0.44899910321344177       0.33073425739654722     
  0.46066141758262208       0.33411626332041655     
  0.47232373195180238       0.33736757047797700     
  0.48398604632098269       0.34042947554995739     
  0.49564836069016299       0.34350103311748970     
  0.50731067505934335       0.34653065674639205     
  0.51897298942852366       0.34965224783614379     
  0.53063530379770396       0.35283991350913052     
  0.54229761816688427       0.35616097054825452     
  0.55395993253606457       0.35962121653891510     
  0.56562224690524487       0.36323594280556942     
  0.57728456127442518       0.36702727289047465     
  0.58894687564360548       0.37099593916975715     
  0.60060919001278579       0.37514860888794743     
  0.61227150438196609       0.37949907714343556     
  0.62393381875114640       0.38404157489774554     
  0.63559613312032670       0.38877003205071770     
  0.64725844748950701       0.39371798193710300     
  0.65892076185868731       0.39884840450480213     
  0.67058307622786761       0.40416490958498952     
  0.68224539059704792       0.40971440730209491     
  0.69390770496622822       0.41543363229256003     
  0.70557001933540853       0.42133945374578508     
  0.71723233370458883       0.42747936255477137     
  0.72889464807376914       0.43378351811797078     
  0.74055696244294944       0.44026422518756320     
  0.75221927681212974       0.44698856935823861     
  0.76388159118131005       0.45387323453628825     
  0.77554390555049035       0.46092839820536197     
  0.78720621991967066       0.46821318499612852     
  0.79886853428885096       0.47567503449903054     
  0.81053084865803127       0.48330097484922624     
  0.82219316302721157       0.49112422798418509     
  0.83385547739639188       0.49916086510166652     
  0.84551779176557218       0.50735575938960709     
  0.85718010613475248       0.51571872358491833     
  0.86884242050393279       0.52430333461648171     
  0.88050473487311309       0.53306562141113978     
  0.89216704924229340       0.54198957368180956     
  0.90382936361147370       0.55108344369729489     
  0.92715399234983431       0.56988631820712921     
  0.95047862108819492       0.58934894386853398     
  0.97380324982655553       0.60957489284737776     
  0.99712787856491614       0.63045983438987541     
   1.0204525073032769       0.65207057941020141     
   1.0437771360416375       0.67434416592132640     
   1.0671017647799981       0.69729540620518937     
   1.0904263935183587       0.72090698348405013     
   1.1137510222567193       0.74515370219726951     
   1.1370756509950799       0.77002738308860441     
   1.1604002797334405       0.79552819268954056     
   1.1837249084718011       0.82156228138646681     
   1.2070495372101617       0.84820324284642512     
   1.2303741659485223       0.87535366851001262     
   1.2536987946868829       0.90298970720320870     
   1.2770234234252436       0.93117007541671071     
   1.3003480521636042       0.95968724015450313     
   1.3236726809019648       0.98865430280374289     
   1.3469973096403254        1.0180709404992905     
   1.3703219383786860        1.0476304621298773     
   1.3936465671170466        1.0775812995544882     
   1.4169711958554072        1.1078693833765385     
   1.4402958245937678        1.1381114906873582     
   1.4636204533321284        1.1686423427616572     
   1.4869450820704890        1.1993930507774493     
   1.5102697108088496        1.2299498514677751     
   1.5335943395472103        1.2606199424163058     
   1.5569189682855709        1.2913985490905471     
   1.5802435970239315        1.3219305372301555     
   1.6035682257622921        1.3522901957458171     
   1.6268928545006527        1.3826571361868278     
   1.6502174832390133        1.4128827888609048     
   1.6735421119773739        1.4425038659030383     
   1.6968667407157345        1.4720430434524752     
   1.7201913694540951        1.5014034294007956     
   1.7435159981924557        1.5302522991975640     
   1.7668406269308163        1.5585980813091749     
   1.7901652556691769        1.5867073454180702     
   1.8134898844075376        1.6144937907406074     
   1.8368145131458982        1.6415629700794256     
   1.8834637706226194        1.6943651759630329     
   1.9301130280993406        1.7452071044106996     
   1.9767622855760618        1.7937224992595631     
   2.0234115430527830        1.8401682465920945     
   2.0700608005295043        1.8840277196038526     
   2.1167100580062255        1.9258871067058903     
   2.1633593154829467        1.9649134323544235     
   2.2100085729596679        2.0018902615608400     
   2.2566578304363891        2.0362289607407775     
   2.3033070879131103        2.0682620565497056     
   2.3499563453898316        2.0978965613364715     
   2.3966056028665528        2.1249397026206265     
 atom Ni   dist =  11.53441    coord    0.00000   0.00000 -11.53441
   7.2889464807377011E-004   2.4071677576979894E-002
   1.4577892961475402E-003   2.4640405639065343E-002
   2.1866839442213105E-003   2.5120658997399233E-002
   2.9155785922950804E-003   2.5567813192948860E-002
   3.6444732403688503E-003   2.5999236829003007E-002
   4.3733678884426202E-003   2.6422633925625293E-002
   5.1022625365163901E-003   2.6842202697367163E-002
   5.8311571845901600E-003   2.7260461140356341E-002
   6.5600518326639299E-003   2.7678873724486304E-002
   7.2889464807376998E-003   2.8098717089939537E-002
   8.0178411288114697E-003   2.8520721905832314E-002
   8.7467357768852404E-003   2.8945547690065687E-002
   9.4756304249590112E-003   2.9373655370327614E-002
   1.0204525073032782E-002   2.9805302678855592E-002
   1.0933419721106553E-002   3.0240981405492924E-002
   1.1662314369180323E-002   3.0680926673985216E-002
   1.2391209017254094E-002   3.1125138694152611E-002
   1.3120103665327865E-002   3.1574015288459642E-002
   1.3848998313401636E-002   3.2027697869349184E-002
   1.4577892961475407E-002   3.2486312511010348E-002
   1.5306787609549177E-002   3.2949984696142381E-002
   1.6035682257622946E-002   3.3418834340149611E-002
   1.6764576905696715E-002   3.3892973740390346E-002
   1.7493471553770484E-002   3.4372505138508834E-002
   1.8222366201844253E-002   3.4857467644948570E-002
   1.8951260849918022E-002   3.5347946612833032E-002
   1.9680155497991791E-002   3.5844066632418091E-002
   2.0409050146065560E-002   3.6345888060056918E-002
   2.1137944794139329E-002   3.6853434594246157E-002
   2.1866839442213098E-002   3.7366796813940652E-002
   2.2595734090286868E-002   3.7886006018592634E-002
   2.3324628738360637E-002   3.8411080855833897E-002
   2.4053523386434406E-002   3.8942164040456632E-002
   2.4782418034508175E-002   3.9479099373364759E-002
   2.5511312682581944E-002   4.0022165999354001E-002
   2.6240207330655713E-002   4.0571190956223649E-002
   2.6969101978729482E-002   4.1126233812718557E-002
   2.7697996626803251E-002   4.1687419971416305E-002
   2.8426891274877020E-002   4.2254512836236886E-002
   2.9155785922950789E-002   4.2827874662431542E-002
   3.0613575219098330E-002   4.3992541901703160E-002
   3.2071364515245872E-002   4.5181285829800168E-002
   3.3529153811393410E-002   4.6393819753232250E-002
   3.4986943107540948E-002   4.7629910241652480E-002
   3.6444732403688486E-002   4.8889517140115808E-002
   3.7902521699836024E-002   5.0171680064466255E-002
   3.9360310995983562E-002   5.1475462926819225E-002
   4.0818100292131100E-002   5.2799583077465462E-002
   4.2275889588278638E-002   5.4144698589909730E-002
   4.3733678884426176E-002   5.5508527904221804E-002
   4.5191468180573714E-002   5.6888820649435602E-002
   4.6649257476721252E-002   5.8286191205154596E-002
   4.8107046772868790E-002   5.9697705056975935E-002
   4.9564836069016328E-002   6.1120668683041446E-002
   5.1022625365163866E-002   6.2555795780362466E-002
   5.2480414661311404E-002   6.3997551552612622E-002
   5.3938203957458943E-002   6.5447012615522715E-002
   5.5395993253606481E-002   6.6898970307258998E-002
   5.6853782549754019E-002   6.8352764158215160E-002
   5.8311571845901557E-002   6.9804511825139900E-002
   5.9769361142049095E-002   7.1252490417359718E-002
   6.1227150438196633E-002   7.2692975985995473E-002
   6.2684939734344178E-002   7.4124388974404959E-002
   6.4142729030491716E-002   7.5542376316674639E-002
   6.5600518326639254E-002   7.6946314545852809E-002
   6.7058307622786792E-002   7.8331211907116949E-002
   6.8516096918934330E-002   7.9696830612684191E-002
   6.9973886215081868E-002   8.1039023279955838E-002
   7.1431675511229406E-002   8.2356373076506256E-002
   7.2889464807376944E-002   8.3646841165062671E-002
   7.4347254103524482E-002   8.4908455688672835E-002
   7.5805043399672020E-002   8.6139450584515123E-002
   7.7262832695819558E-002   8.7339318928244383E-002
   7.8720621991967096E-002   8.8505979281465141E-002
   8.0178411288114634E-002   8.9639183281532669E-002
   8.1636200584262172E-002   9.0739429234102151E-002
   8.3093989880409710E-002   9.1803807852975275E-002
   8.4551779176557249E-002   9.2834870685958457E-002
   8.6009568472704787E-002   9.3833312826273302E-002
   8.7467357768852325E-002   9.4795482285287572E-002
   9.0382936361147401E-002   9.6627233030981405E-002
   9.3298514953442477E-002   9.8332001721815845E-002
   9.6214093545737553E-002   9.9925889250917582E-002
   9.9129672138032629E-002  0.10141760072020276     
  0.10204525073032771       0.10281729338024588     
  0.10496082932262278       0.10414405799381392     
  0.10787640791491786       0.10539976151891273     
  0.11079198650721293       0.10660917002059470     
  0.11370756509950801       0.10776864626252713     
  0.11662314369180309       0.10890334513993417     
  0.11953872228409816       0.11000875100736662     
  0.12245430087639324       0.11110669243788045     
  0.12536987946868833       0.11219057973101706     
  0.12828545806098340       0.11328027083454713     
  0.13120103665327848       0.11437014807485330     
  0.13411661524557356       0.11547416158211755     
  0.13703219383786863       0.11659055501435729     
  0.13994777243016371       0.11772609198865566     
  0.14286335102245878       0.11888405590160589     
  0.14577892961475386       0.12006437749145572     
  0.14869450820704894       0.12127315563825264     
  0.15161008679934401       0.12250971970517531     
  0.15452566539163909       0.12377691324631664     
  0.15744124398393416       0.12507638089692172     
  0.16035682257622924       0.12640946923502405     
  0.16327240116852432       0.12777622748174883     
  0.16618797976081939       0.12917900822193076     
  0.16910355835311447       0.13061884194423065     
  0.17201913694540955       0.13209377535983574     
  0.17493471553770462       0.13360794059975103     
  0.17785029412999970       0.13516120269200321     
  0.18076587272229477       0.13675025444739719     
  0.18368145131458985       0.13838017232666144     
  0.18659702990688493       0.14005182131775154     
  0.18951260849918000       0.14175924240437437     
  0.19242818709147508       0.14350621065056604     
  0.19534376568377015       0.14530014598892840     
  0.19825934427606523       0.14712915019057182     
  0.20117492286836031       0.14899544028477976     
  0.20409050146065538       0.15091076280408483     
  0.20992165864524553       0.15485290941023838     
  0.21575281582983569       0.15896272030352426     
  0.22158397301442584       0.16322451500698720     
  0.22741513019901599       0.16765697316059122     
  0.23324628738360614       0.17223209341809131     
  0.23907744456819630       0.17697363395455398     
  0.24490860175278645       0.18184727271755818     
  0.25073975893737660       0.18687405799019405     
  0.25657091612196675       0.19202086961595669     
  0.26240207330655690       0.19729645996391990     
  0.26823323049114706       0.20267816572854710     
  0.27406438767573721       0.20815229657559264     
  0.27989554486032736       0.21371508809727002     
  0.28572670204491751       0.21932843588506878     
  0.29155785922950767       0.22499734099292912     
  0.29738901641409782       0.23068159758069556     
  0.30322017359868797       0.23636490777377603     
  0.30905133078327812       0.24202742700427810     
  0.31488248796786827       0.24764072417958913     
  0.32071364515245843       0.25317706512893368     
  0.32654480233704858       0.25862009892582632     
  0.33237595952163873       0.26394792835579323     
  0.33820711670622888       0.26911457694330271     
  0.34403827389081904       0.27413194671447672     
  0.34986943107540919       0.27897887096955304     
  0.35570058825999934       0.28359463028630055     
  0.36153174544458949       0.28802749447612630     
  0.36736290262917964       0.29225963048735498     
  0.37319405981376980       0.29622437640668564     
  0.37902521699835995       0.29999378760487033     
  0.38485637418295010       0.30356341946671317     
  0.39068753136754025       0.30687524860863086     
  0.39651868855213040       0.30998919318335511     
  0.40234984573672056       0.31293158259969173     
  0.40818100292131071       0.31567462897209780     
  0.41401216010590086       0.31821004365485972     
  0.41984331729049101       0.32061862578176908     
  0.42567447447508117       0.32290007001428150     
  0.43150563165967132       0.32500241937260038     
  0.43733678884426147       0.32699776645554551     
  0.44899910321344177       0.33075926362688574     
  0.46066141758262208       0.33414236278980314     
  0.47232373195180238       0.33739475906251171     
  0.48398604632098269       0.34045772670340085     
  0.49564836069016299       0.34353038367279426     
  0.50731067505934335       0.34656112658192689     
  0.51897298942852366       0.34968390487321432     
  0.53063530379770396       0.35287281983167307     
  0.54229761816688427       0.35619521729188236     
  0.55395993253606457       0.35965690283754015     
  0.56562224690524487       0.36327318057927555     
  0.57728456127442518       0.36706619101315691     
  0.58894687564360548       0.37103667613838537     
  0.60060919001278579       0.37519131603131178     
  0.61227150438196609       0.37954392342969256     
  0.62393381875114640       0.38408873927807091     
  0.63559613312032670       0.38881970387346187     
  0.64725844748950701       0.39377038268646830     
  0.65892076185868731       0.39890375305844755     
  0.67058307622786761       0.40422344360755763     
  0.68224539059704792       0.40977641132917048     
  0.69390770496622822       0.41549937400206260     
  0.70557001933540853       0.42140923246803524     
  0.71723233370458883       0.42755353386511541     
  0.72889464807376914       0.43386241669116726     
  0.74055696244294944       0.44034822002301544     
  0.75221927681212974       0.44707811147008447     
  0.76388159118131005       0.45396874325869169     
  0.77554390555049035       0.46103033301863305     
  0.78720621991967066       0.46832209500345062     
  0.79886853428885096       0.47579146300804259     
  0.81053084865803127       0.48342549315397010     
  0.82219316302721157       0.49125748547032783     
  0.83385547739639188       0.49930358066900976     
  0.84551779176557218       0.50750864350855729     
  0.85718010613475248       0.51588255079282241     
  0.86884242050393279       0.52447900849491902     
  0.88050473487311309       0.53325405629293043     
  0.89216704924229340       0.54219172830359486     
  0.90382936361147370       0.55130035897419882     
  0.92715399234983431       0.57013637139352602     
  0.95047862108819492       0.58963728357602241     
  0.97380324982655553       0.60990765586858331     
  0.99712787856491614       0.63084384623046874     
   1.0204525073032769       0.65251383602600277     
   1.0437771360416375       0.67485565820696858     
   1.0671017647799981       0.69788552255415337     
   1.0904263935183587       0.72158733735915326     
   1.1137510222567193       0.74593761446451501     
   1.1370756509950799       0.77092994176265173     
   1.1604002797334405       0.79656637569070365     
   1.1837249084718011       0.82275479764792825     
   1.2070495372101617       0.84957180942007149     
   1.2303741659485223       0.87692208550971806     
   1.2536987946868829       0.90478426077711238     
   1.2770234234252436       0.93322072996429417     
   1.3003480521636042       0.96202584084368470     
   1.3236726809019648       0.99131730891032299     
   1.3469973096403254        1.0210986073701256     
   1.3703219383786860        1.0510635522254670     
   1.3936465671170466        1.0814683246920396     
   1.4169711958554072        1.1122630985994042     
   1.4402958245937678        1.1430628287732836     
   1.4636204533321284        1.1742126221595282     
   1.4869450820704890        1.2056486824247812     
   1.5102697108088496        1.2369537770162882     
   1.5335943395472103        1.2684461029849201     
   1.5569189682855709        1.3001270252590991     
   1.5802435970239315        1.3316382971855960     
   1.6035682257622921        1.3630609233948747     
   1.6268928545006527        1.3945850003888094     
   1.6502174832390133        1.4260633899827351     
   1.6735421119773739        1.4570209804764820     
   1.6968667407157345        1.4880052424932346     
   1.7201913694540951        1.5189204483491809     
   1.7435159981924557        1.5494233796946966     
   1.7668406269308163        1.5795272877072171     
   1.7901652556691769        1.6095171453074362     
   1.8134898844075376        1.6393056625130338     
   1.8368145131458982        1.6684773816247727     
   1.8834637706226194        1.7258538041895701     
   1.9301130280993406        1.7817641827589907     
   1.9767622855760618        1.8358345992026039     
   2.0234115430527830        1.8883528255844739     
   2.0700608005295043        1.9387623137023582     
   2.1167100580062255        1.9877140792618397     
   2.1633593154829467        2.0342722260502342     
   2.2100085729596679        2.0793163115848365     
   2.2566578304363891        2.1221660706878667     
   2.3033070879131103        2.1631864596313366     
   2.3499563453898316        2.2022633029803305     
   2.3966056028665528        2.2391282846911817     
   2.4432548603432740        2.2741141778737615     
   2.4899041178199952        2.3068059478477023     
   2.5365533752967164        2.3373273746600196     
   2.5832026327734376        2.3656647815135430     
