 atom Ni   dist =   0.00000  coord =    0.00000   0.00000   0.00000
   7.2889464807377011E-004  -76573.716951287148     
   1.4577892961475402E-003  -38159.503478446888     
   2.1866839442213105E-003  -25354.904746066899     
   2.9155785922950804E-003  -18952.758842474290     
   3.6444732403688503E-003  -15111.621823505122     
   4.3733678884426202E-003  -12551.017407437750     
   5.1022625365163901E-003  -10722.160648451107     
   5.8311571845901600E-003  -9350.6646052253564     
   6.5600518326639299E-003  -8284.0837652126229     
   7.2889464807376998E-003  -7430.9565831339405     
   8.0178411288114697E-003  -6733.0725709607432     
   8.7467357768852404E-003  -6151.6306233207033     
   9.4756304249590112E-003  -5659.7611643034279     
   1.0204525073032782E-002  -5238.2775993695304     
   1.0933419721106553E-002  -4873.1027770892833     
   1.1662314369180323E-002  -4553.6848344448381     
   1.2391209017254094E-002  -4271.9479295075089     
   1.3120103665327865E-002  -4021.6168769410679     
   1.3848998313401636E-002  -3797.7309723314856     
   1.4577892961475407E-002  -3596.3276903735623     
   1.5306787609549177E-002  -3414.1927829951237     
   1.6035682257622946E-002  -3248.7024571136267     
   1.6764576905696715E-002  -3097.6828374411989     
   1.7493471553770484E-002  -2959.3284099627249     
   1.8222366201844253E-002  -2832.1162253976240     
   1.8951260849918022E-002  -2714.7636824337956     
   1.9680155497991791E-002  -2606.1719395964556     
   2.0409050146065560E-002  -2505.4051774790591     
   2.1137944794139329E-002  -2411.6504511217054     
   2.1866839442213098E-002  -2324.2092476104876     
   2.2595734090286868E-002  -2242.4670235661865     
   2.3324628738360637E-002  -2165.8920873498942     
   2.4053523386434406E-002  -2094.0110692356320     
   2.4782418034508175E-002  -2026.4123168280826     
   2.5511312682581944E-002  -1962.7251294752684     
   2.6240207330655713E-002  -1902.6260133910441     
   2.6969101978729482E-002  -1845.8203811150072     
   2.7697996626803251E-002  -1792.0506622494590     
   2.8426891274877020E-002  -1741.0796630233940     
   2.9155785922950789E-002  -1692.6999070945685     
   3.0613575219098330E-002  -1602.9654861190254     
   3.2071364515245872E-002  -1521.5314389587934     
   3.3529153811393410E-002  -1447.3104785011562     
   3.4986943107540948E-002  -1379.3965952114718     
   3.6444732403688486E-002  -1317.0286104691331     
   3.7902521699836024E-002  -1259.5626044079947     
   3.9360310995983562E-002  -1206.4499590535108     
   4.0818100292131100E-002  -1157.2206469795335     
   4.2275889588278638E-002  -1111.4694001643984     
   4.3733678884426176E-002  -1068.8452297110862     
   4.5191468180573714E-002  -1029.0423767284174     
   4.6649257476721252E-002  -991.79356151171612     
   4.8107046772868790E-002  -956.86384576323633     
   4.9564836069016328E-002  -924.04619704020399     
   5.1022625365163866E-002  -893.15718330850302     
   5.2480414661311404E-002  -864.03402065167541     
   5.3938203957458943E-002  -836.53146080419378     
   5.5395993253606481E-002  -810.51979581961200     
   5.6853782549754019E-002  -785.88257044856800     
   5.8311571845901557E-002  -762.51519421529781     
   5.9769361142049095E-002  -740.32325120151927     
   6.1227150438196633E-002  -719.22149698661951     
   6.2684939734344178E-002  -699.13261199388728     
   6.4142729030491716E-002  -679.98644314856347     
   6.5600518326639254E-002  -661.71909460601739     
   6.7058307622786792E-002  -644.27232002611640     
   6.8516096918934330E-002  -627.59288080734564     
   6.9973886215081868E-002  -611.63202170348188     
   7.1431675511229406E-002  -596.34505029825084     
   7.2889464807376944E-002  -581.69084901324220     
   7.4347254103524482E-002  -567.63164062093142     
   7.5805043399672020E-002  -554.13250795476176     
   7.7262832695819558E-002  -541.16131623208105     
   7.8720621991967096E-002  -528.68822183437737     
   8.0178411288114634E-002  -516.68572889180473     
   8.1636200584262172E-002  -505.12817635260967     
   8.3093989880409710E-002  -493.99190922473878     
   8.4551779176557249E-002  -483.25473878134778     
   8.6009568472704787E-002  -472.89621091550458     
   8.7467357768852325E-002  -462.89703713675186     
   9.0382936361147401E-002  -443.90662552964665     
   9.3298514953442477E-002  -426.15377407192346     
   9.6214093545737553E-002  -409.52493797852492     
   9.9129672138032629E-002  -393.91986997149473     
  0.10204525073032771       -379.25020384862341     
  0.10496082932262278       -365.43724450464941     
  0.10787640791491786       -352.41118443895988     
  0.11079198650721293       -340.10936320505806     
  0.11370756509950801       -328.47587456840824     
  0.11662314369180309       -317.46019557045196     
  0.11953872228409816       -307.01698328020552     
  0.12245430087639324       -297.10504538062946     
  0.12536987946868833       -287.68717229894696     
  0.12828545806098340       -278.72944890873390     
  0.13120103665327848       -270.20100514184361     
  0.13411661524557356       -262.07367466193631     
  0.13703219383786863       -254.32158535799155     
  0.13994777243016371       -246.92116480845200     
  0.14286335102245878       -239.85052660703488     
  0.14577892961475386       -233.08980556260238     
  0.14869450820704894       -226.62033016001942     
  0.15161008679934401       -220.42525371401823     
  0.15452566539163909       -214.48852418346820     
  0.15744124398393416       -208.79577425345312     
  0.16035682257622924       -203.33310484374826     
  0.16327240116852432       -198.08820334528519     
  0.16618797976081939       -193.04895409056169     
  0.16910355835311447       -188.20476142411783     
  0.17201913694540955       -183.54499727413446     
  0.17493471553770462       -179.06051287512349     
  0.17785029412999970       -174.74192870883437     
  0.18076587272229477       -170.58132274428954     
  0.18368145131458985       -166.57037140089329     
  0.18659702990688493       -162.70219957226098     
  0.18951260849918000       -158.96938074034543     
  0.19242818709147508       -155.36593908461191     
  0.19534376568377015       -151.88521588882057     
  0.19825934427606523       -148.52200977545763     
  0.20117492286836031       -145.27032203978237     
  0.20409050146065538       -142.12562424370469     
  0.20992165864524553       -136.13697142873181     
  0.21575281582983569       -130.52054450566894     
  0.22158397301442584       -125.24463007540425     
  0.22741513019901599       -120.28080519202743     
  0.23324628738360614       -115.60354085690409     
  0.23907744456819630       -111.18990822093065     
  0.24490860175278645       -107.01915936289522     
  0.25073975893737660       -103.07268586072412     
  0.25657091612196675       -99.333470552470047     
  0.26240207330655690       -95.786340338761164     
  0.26823323049114706       -92.417215604105351     
  0.27406438767573721       -89.213676927991344     
  0.27989554486032736       -86.163979798493500     
  0.28572670204491751       -83.257921365486908     
  0.29155785922950767       -80.485630741315660     
  0.29738901641409782       -77.838696965763020     
  0.30322017359868797       -75.308763520249400     
  0.30905133078327812       -72.888876342797488     
  0.31488248796786827       -70.571907668405615     
  0.32071364515245843       -68.352094832633313     
  0.32654480233704858       -66.223310963056107     
  0.33237595952163873       -64.180773083284620     
  0.33820711670622888       -62.219170585768396     
  0.34403827389081904       -60.334532584538927     
  0.34986943107540919       -58.522215487879954     
  0.35570058825999934       -56.778922515654905     
  0.36153174544458949       -55.100559703682464     
  0.36736290262917964       -53.484392000258502     
  0.37319405981376980       -51.926778230206544     
  0.37902521699835995       -50.425454247795301     
  0.38485637418295010       -48.977153503297885     
  0.39068753136754025       -47.580008077100771     
  0.39651868855213040       -46.231061085726616     
  0.40234984573672056       -44.928781742934930     
  0.40818100292131071       -43.670470059256814     
  0.41401216010590086       -42.454879230741334     
  0.41984331729049101       -41.279527380839504     
  0.42567447447508117       -40.143409893980206     
  0.43150563165967132       -39.044225380947687     
  0.43733678884426147       -37.981178075883641     
  0.44899910321344177       -35.956439644745899     
  0.46066141758262208       -34.058660783373732     
  0.47232373195180238       -32.278415563208782     
  0.48398604632098269       -30.607129438976859     
  0.49564836069016299       -29.037118128558991     
  0.50731067505934335       -27.561256922944182     
  0.51897298942852366       -26.173218502489405     
  0.53063530379770396       -24.866968539500991     
  0.54229761816688427       -23.637258186431037     
  0.55395993253606457       -22.478892878614172     
  0.56562224690524487       -21.387494817657583     
  0.57728456127442518       -20.358533599313805     
  0.58894687564360548       -19.388344977794862     
  0.60060919001278579       -18.472933426640655     
  0.61227150438196609       -17.609229494099250     
  0.62393381875114640       -16.793674677162738     
  0.63559613312032670       -16.023703418212520     
  0.64725844748950701       -15.296120172862448     
  0.65892076185868731       -14.608788025181429     
  0.67058307622786761       -13.958818964821486     
  0.68224539059704792       -13.344444368815079     
  0.69390770496622822       -12.763035120061788     
  0.70557001933540853       -12.213144091512017     
  0.71723233370458883       -11.692362067453592     
  0.72889464807376914       -11.199523467170932     
  0.74055696244294944       -10.732406689562232     
  0.75221927681212974       -10.290094412611616     
  0.76388159118131005       -9.8705256887686694     
  0.77554390555049035       -9.4730014230891371     
  0.78720621991967066       -9.0955983841938117     
  0.79886853428885096       -8.7378120880017089     
  0.81053084865803127       -8.3978359206782844     
  0.82219316302721157       -8.0753382296136973     
  0.83385547739639188       -7.7686141881131068     
  0.84551779176557218       -7.4774841389084123     
  0.85718010613475248       -7.2003312491392322     
  0.86884242050393279       -6.9371116198765037     
  0.88050473487311309       -6.6862831864856158     
  0.89216704924229340       -6.4479224456663262     
  0.90382936361147370       -6.2205513241355321     
  0.92715399234983431       -5.7979233056615316     
  0.95047862108819492       -5.4137422733884248     
  0.97380324982655553       -5.0639782486818907     
  0.99712787856491614       -4.7449648844513268     
   1.0204525073032769       -4.4535598568413874     
   1.0437771360416375       -4.1868688504220692     
   1.0671017647799981       -3.9424387859240215     
   1.0904263935183587       -3.7179887010197104     
   1.1137510222567193       -3.5115950258703195     
   1.1370756509950799       -3.3214197397774914     
   1.1604002797334405       -3.1459898808207893     
   1.1837249084718011       -2.9838189970591125     
   1.2070495372101617       -2.8337484723028048     
   1.2303741659485223       -2.6945704528127239     
   1.2536987946868829       -2.5654048403620879     
   1.2770234234252436       -2.4452521280795900     
   1.3003480521636042       -2.3334256363762358     
   1.3236726809019648       -2.2290946442863073     
   1.3469973096403254       -2.1317482726577541     
   1.3703219383786860       -2.0406826190640412     
   1.3936465671170466       -1.9555057591762248     
   1.4169711958554072       -1.8756169003368948     
   1.4402958245937678       -1.8007385214204199     
   1.4636204533321284       -1.7303464277198970     
   1.4869450820704890       -1.6642385229843708     
   1.5102697108088496       -1.6019540102767738     
   1.5335943395472103       -1.5433663424575621     
   1.5569189682855709       -1.4880618155511902     
   1.5802435970239315       -1.4359620566580018     
   1.6035682257622921       -1.3866924414079267     
   1.6268928545006527       -1.3402266238402456     
   1.6502174832390133       -1.2962182652406620     
   1.6735421119773739       -1.2546729722447088     
   1.6968667407157345       -1.2152694911325093     
   1.7201913694540951       -1.1780488385236503     
   1.7435159981924557       -1.1427076247299095     
   1.7668406269308163       -1.1093079588858994     
   1.7901652556691769       -1.0775629841488819     
   1.8134898844075376       -1.0475592034783554     
   1.8368145131458982       -1.0190210211195501     
   1.8834637706226194      -0.96638466999849759     
   1.9301130280993406      -0.91904985685062812     
   1.9767622855760618      -0.87651341538322614     
   2.0234115430527830      -0.83831976467755698     
   2.0700608005295043      -0.80409488052707756     
   2.1167100580062255      -0.77349245303436076     
   2.1633593154829467      -0.74622822937900513     
   2.2100085729596679      -0.72203754610053883     
   2.2566578304363891      -0.70069942759658699     
   2.3033070879131103      -0.68201269381915186     
   2.3499563453898316      -0.66580060146102227     
   2.3966056028665528      -0.65191182995026131     
   2.4432548603432740      -0.64020275619954103     
 atom Ni   dist =   4.70890  coord =    1.35934   2.35445  -3.84480
   7.2889464807377011E-004  -76567.793263852349     
   1.4577892961475402E-003  -38153.579403158357     
   2.1866839442213105E-003  -25348.980083962164     
   2.9155785922950804E-003  -18946.833383660567     
   3.6444732403688503E-003  -15105.695396564113     
   4.3733678884426202E-003  -12545.089837718748     
   5.1022625365163901E-003  -10716.231792852190     
   5.8311571845901600E-003  -9344.7343187653350     
   6.5600518326639299E-003  -8278.1519309309188     
   7.2889464807376998E-003  -7425.0230825436911     
   8.0178411288114697E-003  -6727.1373112492493     
   8.7467357768852404E-003  -6145.6935099986831     
   9.4756304249590112E-003  -5653.8221268288189     
   1.0204525073032782E-002  -5232.3365652372704     
   1.0933419721106553E-002  -4867.1596963431039     
   1.1662314369180323E-002  -4547.7396548032075     
   1.2391209017254094E-002  -4266.0006200637799     
   1.3120103665327865E-002  -4015.6674040539533     
   1.3848998313401636E-002  -3791.7793227140314     
   1.4577892961475407E-002  -3590.3738475777286     
   1.5306787609549177E-002  -3408.2367500361065     
   1.6035682257622946E-002  -3242.7442334129928     
   1.6764576905696715E-002  -3091.7224410798594     
   1.7493471553770484E-002  -2953.3658550026139     
   1.8222366201844253E-002  -2826.1515438311912     
   1.8951260849918022E-002  -2708.7969018166318     
   1.9680155497991791E-002  -2600.2031047418041     
   2.0409050146065560E-002  -2499.4343283310654     
   2.1137944794139329E-002  -2405.6776442441114     
   2.1866839442213098E-002  -2318.2345344010773     
   2.2595734090286868E-002  -2236.4904714931940     
   2.3324628738360637E-002  -2159.9137582872568     
   2.4053523386434406E-002  -2088.0310405961027     
   2.4782418034508175E-002  -2020.4306600798429     
   2.5511312682581944E-002  -1956.7419311298167     
   2.6240207330655713E-002  -1896.6413536794767     
   2.6969101978729482E-002  -1839.8343548530968     
   2.7697996626803251E-002  -1786.0633576499326     
   2.8426891274877020E-002  -1735.0911824587122     
   2.9155785922950789E-002  -1686.7103460209023     
   3.0613575219098330E-002  -1596.9740847378596     
   3.2071364515245872E-002  -1515.5386375584137     
   3.3529153811393410E-002  -1441.3167407216902     
   3.4986943107540948E-002  -1373.4024036543278     
   3.6444732403688486E-002  -1311.0344665719870     
   3.7902521699836024E-002  -1253.5690242677174     
   3.9360310995983562E-002  -1200.4574736291943     
   4.0818100292131100E-002  -1151.2297980911492     
   4.2275889588278638E-002  -1105.4807409352827     
   4.3733678884426176E-002  -1062.8593208548791     
   4.5191468180573714E-002  -1023.0597871496262     
   4.6649257476721252E-002  -985.81486481688000     
   4.8107046772868790E-002  -950.88962103654501     
   4.9564836069016328E-002  -918.07702554466869     
   5.1022625365163866E-002  -887.19364941433867     
   5.2480414661311404E-002  -858.07670875670919     
   5.3938203957458943E-002  -830.58095626383749     
   5.5395993253606481E-002  -804.57668231053708     
   5.6853782549754019E-002  -779.94743059192513     
   5.8311571845901557E-002  -756.58860762273900     
   5.9769361142049095E-002  -734.40579458230161     
   6.1227150438196633E-002  -713.31374299544211     
   6.2684939734344178E-002  -693.23512873455149     
   6.4142729030491716E-002  -674.09979386270697     
   6.5600518326639254E-002  -655.84383646719914     
   6.7058307622786792E-002  -638.40900482260918     
   6.8516096918934330E-002  -621.74205286628421     
   6.9973886215081868E-002  -605.79421970921464     
   7.1431675511229406E-002  -590.52080407002097     
   7.2889464807376944E-002  -575.88068274803720     
   7.4347254103524482E-002  -561.83606836141678     
   7.5805043399672020E-002  -548.35203821381992     
   7.7262832695819558E-002  -535.39644619264777     
   7.8720621991967096E-002  -522.93944332479396     
   8.0178411288114634E-002  -510.95352154991150     
   8.1636200584262172E-002  -499.41301456100092     
   8.3093989880409710E-002  -488.29425446100333     
   8.4551779176557249E-002  -477.57504745873507     
   8.6009568472704787E-002  -467.23492590165739     
   8.7467357768852325E-002  -457.25459648736233     
   9.0382936361147401E-002  -438.30313975476128     
   9.3298514953442477E-002  -420.59087560109117     
   9.6214093545737553E-002  -404.00417879648580     
   9.9129672138032629E-002  -388.44273115218618     
  0.10204525073032771       -373.81808693924893     
  0.10496082932262278       -360.05148098682486     
  0.10787640791491786       -347.07302829356513     
  0.11079198650721293       -334.82000031026757     
  0.11370756509950801       -323.23641585536649     
  0.11662314369180309       -312.27168673352185     
  0.11953872228409816       -301.88039793112239     
  0.12245430087639324       -292.02129553163428     
  0.12536987946868833       -282.65710075455587     
  0.12828545806098340       -273.75384085072648     
  0.13120103665327848       -265.28057950825615     
  0.13411661524557356       -257.20909698478062     
  0.13703219383786863       -249.51345794513924     
  0.13994777243016371       -242.17004077993187     
  0.14286335102245878       -235.15689889902859     
  0.14577892961475386       -228.45412206299042     
  0.14869450820704894       -222.04298158269907     
  0.15161008679934401       -215.90658975485508     
  0.15452566539163909       -210.02884026875876     
  0.15744124398393416       -204.39532870360790     
  0.16035682257622924       -198.99210452608233     
  0.16327240116852432       -193.80682171289516     
  0.16618797976081939       -188.82731587082819     
  0.16910355835311447       -184.04296145817790     
  0.17201913694540955       -179.44308428443148     
  0.17493471553770462       -175.01850895289815     
  0.17785029412999970       -170.75981235482934     
  0.18076587272229477       -166.65904896517065     
  0.18368145131458985       -162.70785397487234     
  0.18659702990688493       -158.89933174925471     
  0.18951260849918000       -155.22601676445234     
  0.19242818709147508       -151.68191547614015     
  0.19534376568377015       -148.26033230921590     
  0.19825934427606523       -144.95605071352122     
  0.20117492286836031       -141.76303716350799     
  0.20409050146065538       -138.67675052510927     
  0.20992165864524553       -132.80402146001310     
  0.21575281582983569       -127.30219193841816     
  0.22158397301442584       -122.13939697837351     
  0.22741513019901599       -117.28708009372521     
  0.23324628738360614       -112.71958777725865     
  0.23907744456819630       -108.41388640119807     
  0.24490860175278645       -104.34912603535744     
  0.25073975893737660       -100.50662079724879     
  0.25657091612196675       -96.869269665378894     
  0.26240207330655690       -93.421848164061970     
  0.26823323049114706       -90.150207382428533     
  0.27406438767573721       -87.041900715307591     
  0.27989554486032736       -84.085126362321759     
  0.28572670204491751       -81.269675991100115     
  0.29155785922950767       -78.585632330878127     
  0.29738901641409782       -76.024596877600203     
  0.30322017359868797       -73.578177273549883     
  0.30905133078327812       -71.239446642014798     
  0.31488248796786827       -69.001251153269735     
  0.32071364515245843       -66.857867976654276     
  0.32654480233704858       -64.803151805648454     
  0.33237595952163873       -62.832370993408375     
  0.33820711670622888       -60.940202521215738     
  0.34403827389081904       -59.122736577665336     
  0.34986943107540919       -57.375322065780225     
  0.35570058825999934       -55.694731406110598     
  0.36153174544458949       -54.076866987731485     
  0.36736290262917964       -52.519069596646865     
  0.37319405981376980       -51.017697151308333     
  0.37902521699835995       -49.570567047746465     
  0.38485637418295010       -48.174413441683171     
  0.39068753136754025       -46.827454508711753     
  0.39651868855213040       -45.526735086416679     
  0.40234984573672056       -44.270813904725770     
  0.40818100292131071       -43.056992953903730     
  0.41401216010590086       -41.884117637819763     
  0.41984331729049101       -40.749707671096907     
  0.42567447447508117       -39.652852517217603     
  0.43150563165967132       -38.591251403147048     
  0.43733678884426147       -37.564204025125001     
  0.44899910321344177       -35.606812943112040     
  0.46066141758262208       -33.770509478522129     
  0.47232373195180238       -32.046254123102372     
  0.48398604632098269       -30.425813911733666     
  0.49564836069016299       -28.901873057659571     
  0.50731067505934335       -27.467619039317274     
  0.51897298942852366       -26.117072570098532     
  0.53063530379770396       -24.844474087797003     
  0.54229761816688427       -23.644902299943613     
  0.55395993253606457       -22.513395495074381     
  0.56562224690524487       -21.445883491077723     
  0.57728456127442518       -20.438025994746425     
  0.58894687564360548       -19.486446291656474     
  0.60060919001278579       -18.587299580658609     
  0.61227150438196609       -17.737783076898609     
  0.62393381875114640       -16.934453911118688     
  0.63559613312032670       -16.174992001985551     
  0.64725844748950701       -15.456285967079685     
  0.65892076185868731       -14.776425633641809     
  0.67058307622786761       -14.132577839299326     
  0.68224539059704792       -13.523184753524378     
  0.69390770496622822       -12.945645713461861     
  0.70557001933540853       -12.398710467501093     
  0.71723233370458883       -11.879975101466821     
  0.72889464807376914       -11.388458714769666     
  0.74055696244294944       -10.921924712701616     
  0.75221927681212974       -10.479630188141547     
  0.76388159118131005       -10.059481128450788     
  0.77554390555049035       -9.6609446336470786     
  0.78720621991967066       -9.2820487056910572     
  0.79886853428885096       -8.9224481345936670     
  0.81053084865803127       -8.5802738978455793     
  0.82219316302721157       -8.2553481616142310     
  0.83385547739639188       -7.9458917720769682     
  0.84551779176557218       -7.6518745680559421     
  0.85718010613475248       -7.3715948656196133     
  0.86884242050393279       -7.1051551827267563     
  0.88050473487311309       -6.8509194214597624     
  0.89216704924229340       -6.6091082277774591     
  0.90382936361147370       -6.3781414908530465     
  0.92715399234983431       -5.9482039051513809     
  0.95047862108819492       -5.5565803538096805     
  0.97380324982655553       -5.1993332378485917     
  0.99712787856491614       -4.8728804649599278     
   1.0204525073032769       -4.5741341610443644     
   1.0437771360416375       -4.3002503064837523     
   1.0671017647799981       -4.0488078107055916     
   1.0904263935183587       -3.8175475118395346     
   1.1137510222567193       -3.6045667232085075     
   1.1370756509950799       -3.4080356070558393     
   1.1604002797334405       -3.2264884119802404     
   1.1837249084718011       -3.0584359421596496     
   1.2070495372101617       -2.9027265049361857     
   1.2303741659485223       -2.7581409773595209     
   1.2536987946868829       -2.6238006989216838     
   1.2770234234252436       -2.4986908045576350     
   1.3003480521636042       -2.3821285799012704     
   1.3236726809019648       -2.2732639695786769     
   1.3469973096403254       -2.1715880236742815     
   1.3703219383786860       -2.0763756991474325     
   1.3936465671170466       -1.9872407904815030     
   1.4169711958554072       -1.9035592432537356     
   1.4402958245937678       -1.8250587757209444     
   1.4636204533321284       -1.7511912066375452     
   1.4869450820704890       -1.6817633621583186     
   1.5102697108088496       -1.6162892085905665     
   1.5335943395472103       -1.5546513324874021     
   1.5569189682855709       -1.4964104146342032     
   1.5802435970239315       -1.4415005634376654     
   1.6035682257622921       -1.3895206791310095     
   1.6268928545006527       -1.3404573885068150     
   1.6502174832390133       -1.2939375795217507     
   1.6735421119773739       -1.2499826591496337     
   1.6968667407157345       -1.2082438963275151     
   1.7201913694540951       -1.1687787513715755     
   1.7435159981924557       -1.1312560213056511     
   1.7668406269308163       -1.0957566392497728     
   1.7901652556691769       -1.0619652897775638     
   1.8134898844075376       -1.0299880483446027     
   1.8368145131458982      -0.99952046788517723     
   1.8834637706226194      -0.94319261355664241     
   1.9301130280993406      -0.89234765340348077     
   1.9767622855760618      -0.84645646819433162     
   2.0234115430527830      -0.80503894745024562     
   2.0700608005295043      -0.76769958095472901     
   2.1167100580062255      -0.73407180590274701     
   2.1633593154829467      -0.70385346762332468     
   2.2100085729596679      -0.67676286725016865     
   2.2566578304363891      -0.65256391127777269     
   2.3033070879131103      -0.63104086775289525     
   2.3499563453898316      -0.61200416539809699     
   2.3966056028665528      -0.59528969749759808     
   2.4432548603432740      -0.58074258398729328     
   2.4899041178199952      -0.56823992303465976     
   2.5365533752967164      -0.55765347850721170     
 atom Ni   dist =   8.15606  coord =   -1.35934   2.35445  -7.68961
   7.2889464807377011E-004  -76567.767960172554     
   1.4577892961475402E-003  -38153.554099468543     
   2.1866839442213105E-003  -25348.954780255655     
   2.9155785922950804E-003  -18946.808079930692     
   3.6444732403688503E-003  -15105.670092804201     
   4.3733678884426202E-003  -12545.064533922114     
   5.1022625365163901E-003  -10716.206489012164     
   5.8311571845901600E-003  -9344.7090148752377     
   6.5600518326639299E-003  -8278.1266269840744     
   7.2889464807376998E-003  -7424.9977785334249     
   8.0178411288114697E-003  -6727.1120071688847     
   8.7467357768852404E-003  -6145.6682058415445     
   9.4756304249590112E-003  -5653.7968225882296     
   1.0204525073032782E-002  -5232.3112609065538     
   1.0933419721106553E-002  -4867.1343919155852     
   1.1662314369180323E-002  -4547.7143502722101     
   1.2391209017254094E-002  -4265.9753154226282     
   1.3120103665327865E-002  -4015.6420992959702     
   1.3848998313401636E-002  -3791.7540178325412     
   1.4577892961475407E-002  -3590.3485425660565     
   1.5306787609549177E-002  -3408.2114448875750     
   1.6035682257622946E-002  -3242.7189281209266     
   1.6764576905696715E-002  -3091.6971356375825     
   1.7493471553770484E-002  -2953.3405494034500     
   1.8222366201844253E-002  -2826.1262380684639     
   1.8951260849918022E-002  -2708.7715958836652     
   1.9680155497991791E-002  -2600.1777986319239     
   2.0409050146065560E-002  -2499.4090220093235     
   2.1137944794139329E-002  -2405.6523376511786     
   2.1866839442213098E-002  -2318.2092275357122     
   2.2595734090286868E-002  -2236.4651643536567     
   2.3324628738360637E-002  -2159.8884508713695     
   2.4053523386434406E-002  -2088.0057329013089     
   2.4782418034508175E-002  -2020.4053521032449     
   2.5511312682581944E-002  -1956.7166228682388     
   2.6240207330655713E-002  -1896.6160451294438     
   2.6969101978729482E-002  -1839.8090460109104     
   2.7697996626803251E-002  -1786.0380485116812     
   2.8426891274877020E-002  -1735.0658730202956     
   2.9155785922950789E-002  -1686.6850362808025     
   3.0613575219098330E-002  -1596.9487743934087     
   3.2071364515245872E-002  -1515.5133265891864     
   3.3529153811393410E-002  -1441.2914291065690     
   3.4986943107540948E-002  -1373.3770913716189     
   3.6444732403688486E-002  -1311.0091535995120     
   3.7902521699836024E-002  -1253.5437105828887     
   3.9360310995983562E-002  -1200.4321592090746     
   4.0818100292131100E-002  -1151.2044829125023     
   4.2275889588278638E-002  -1105.4554249746138     
   4.3733678884426176E-002  -1062.8340040884709     
   4.5191468180573714E-002  -1023.0344695535661     
   4.6649257476721252E-002  -985.78954636708499     
   4.8107046772868790E-002  -950.86430170878248     
   4.9564836069016328E-002  -918.05170531457406     
   5.1022625365163866E-002  -887.16832825743029     
   5.2480414661311404E-002  -858.05138664840092     
   5.3938203957458943E-002  -830.55563317945121     
   5.5395993253606481E-002  -804.55135822531122     
   5.6853782549754019E-002  -779.92210548102366     
   5.8311571845901557E-002  -756.56328146125918     
   5.9769361142049095E-002  -734.38046734527973     
   6.1227150438196633E-002  -713.28841465785990     
   6.2684939734344178E-002  -693.20979927134113     
   6.4142729030491716E-002  -674.07446324875536     
   6.5600518326639254E-002  -655.81850469320420     
   6.7058307622786792E-002  -638.38367186529956     
   6.8516096918934330E-002  -621.71671869962938     
   6.9973886215081868E-002  -605.76888430643328     
   7.1431675511229406E-002  -590.49546740365179     
   7.2889464807376944E-002  -575.85534479211879     
   7.4347254103524482E-002  -561.81072914281310     
   7.5805043399672020E-002  -548.32669771480482     
   7.7262832695819558E-002  -535.37110438476452     
   7.8720621991967096E-002  -522.91410017003204     
   8.0178411288114634E-002  -510.92817701888163     
   8.1636200584262172E-002  -499.38766862574874     
   8.3093989880409710E-002  -488.26890709359151     
   8.4551779176557249E-002  -477.54969863124251     
   8.6009568472704787E-002  -467.20957558617738     
   8.7467357768852325E-002  -457.22924465600204     
   9.0382936361147401E-002  -438.27778480801265     
   9.3298514953442477E-002  -420.56551742752720     
   9.6214093545737553E-002  -403.97881728476142     
   9.9129672138032629E-002  -388.41736619102903     
  0.10204525073032771       -373.79271841745071     
  0.10496082932262278       -360.02610879323436     
  0.10787640791491786       -347.04765231708211     
  0.11079198650721293       -334.79462043234503     
  0.11370756509950801       -323.21103195457897     
  0.11662314369180309       -312.24629864467630     
  0.11953872228409816       -301.85500554452591     
  0.12245430087639324       -291.99589873876954     
  0.12536987946868833       -282.63169943363079     
  0.12828545806098340       -273.72843489600422     
  0.13120103665327848       -265.25516881410698     
  0.13411661524557356       -257.18368144567262     
  0.13703219383786863       -249.48803745563006     
  0.13994777243016371       -242.14461523466130     
  0.14286335102245878       -235.13146819271171     
  0.14577892961475386       -228.42868609041167     
  0.14869450820704894       -222.01754023870689     
  0.15161008679934401       -215.88114293435669     
  0.15452566539163909       -210.00338786671611     
  0.15744124398393416       -204.36987061503336     
  0.16035682257622924       -198.96664063935540     
  0.16327240116852432       -193.78135192288303     
  0.16618797976081939       -188.80184007299292     
  0.16910355835311447       -184.01747958904696     
  0.17201913694540955       -179.41759624162711     
  0.17493471553770462       -174.99301463013518     
  0.17785029412999970       -170.73431164571730     
  0.18076587272229477       -166.63354176322065     
  0.18368145131458985       -162.68234017350318     
  0.18659702990688493       -158.87381124179879     
  0.18951260849918000       -155.20048944416084     
  0.19242818709147508       -151.65638123618805     
  0.19534376568377015       -148.23479104270652     
  0.19825934427606523       -144.93050231349042     
  0.20117492286836031       -141.73748152292814     
  0.20409050146065538       -138.65118753689259     
  0.20992165864524553       -132.77844342204062     
  0.21575281582983569       -127.27659839737709     
  0.22158397301442584       -122.11378751806615     
  0.22741513019901599       -117.26145428987515     
  0.23324628738360614       -112.69394520598176     
  0.23907744456819630       -108.38822663896440     
  0.24490860175278645       -104.32344865895740     
  0.25073975893737660       -100.48092538376331     
  0.25657091612196675       -96.843555813061570     
  0.26240207330655690       -93.396115497354018     
  0.26823323049114706       -90.124455535013169     
  0.27406438767573721       -87.016129259660104     
  0.27989554486032736       -84.059334864601169     
  0.28572670204491751       -81.243864015793861     
  0.29155785922950767       -78.559799440935706     
  0.29738901641409782       -75.998742636719328     
  0.30322017359868797       -73.552301229493409     
  0.30905133078327812       -71.213548339380978     
  0.31488248796786827       -68.975330142083862     
  0.32071364515245843       -66.831923816915420     
  0.32654480233704858       -64.777184057128792     
  0.33237595952163873       -62.806379215669139     
  0.33820711670622888       -60.914186273621809     
  0.34403827389081904       -59.096695419398472     
  0.34986943107540919       -57.349255549897613     
  0.35570058825999934       -55.668639113097434     
  0.36153174544458949       -54.050748500582429     
  0.36736290262917964       -52.492924471509710     
  0.37319405981376980       -50.991524943399234     
  0.37902521699835995       -49.544367311407228     
  0.38485637418295010       -48.148185730434328     
  0.39068753136754025       -46.801198375301496     
  0.39651868855213040       -45.500450066389938     
  0.40234984573672056       -44.244499536648263     
  0.40818100292131071       -43.030648793300905     
  0.41401216010590086       -41.857743237125426     
  0.41984331729049101       -40.723302582675949     
  0.42567447447508117       -39.626416293369829     
  0.43150563165967132       -38.564783596110694     
  0.43733678884426147       -37.537704187079967     
  0.44899910321344177       -35.580247753624803     
  0.46066141758262208       -33.743877220809246     
  0.47232373195180238       -32.019552976260272     
  0.48398604632098269       -30.399042044459446     
  0.49564836069016299       -28.875028600988284     
  0.50731067505934335       -27.440700130098758     
  0.51897298942852366       -26.090077354830118     
  0.53063530379770396       -24.817400707340930     
  0.54229761816688427       -23.617748899382370     
  0.55395993253606457       -22.486160255949478     
  0.56562224690524487       -21.418564531100309     
  0.57728456127442518       -20.410621422661677     
  0.58894687564360548       -19.458954177977205     
  0.60060919001278579       -18.559718014483533     
  0.61227150438196609       -17.710110151520524     
  0.62393381875114640       -16.906687716277794     
  0.63559613312032670       -16.147130675561414     
  0.64725844748950701       -15.428327696098124     
  0.65892076185868731       -14.748368477771894     
  0.67058307622786761       -14.104419841620672     
  0.68224539059704792       -13.494923910998560     
  0.69390770496622822       -12.917280066603158     
  0.70557001933540853       -12.370238023261557     
  0.71723233370458883       -11.851393856533360     
  0.72889464807376914       -11.359766667018128     
  0.74055696244294944       -10.893119883880575     
  0.75221927681212974       -10.450710540071155     
  0.76388159118131005       -10.030444610304375     
  0.77554390555049035       -9.6317891605053418     
  0.78720621991967066       -9.2527721883150740     
  0.79886853428885096       -8.8930484945752415     
  0.81053084865803127       -8.5507490494460896     
  0.82219316302721157       -8.2256960830040935     
  0.83385547739639188       -7.9161103939253543     
  0.84551779176557218       -7.6219617641023261     
  0.85718010613475248       -7.3415484952679666     
  0.86884242050393279       -7.0749730856073283     
  0.88050473487311309       -6.8205994265538754     
  0.89216704924229340       -6.5786481521053846     
  0.90382936361147370       -6.3475391386987496     
  0.92715399234983431       -5.9173104257062921     
  0.95047862108819492       -5.5253868362958931     
  0.97380324982655553       -5.1678305788147556     
  0.99712787856491614       -4.8410595068795503     
   1.0204525073032769       -4.5419858679165870     
   1.0437771360416375       -4.2677654157254930     
   1.0671017647799981       -4.0159783559389579     
   1.0904263935183587       -3.7843610180172069     
   1.1137510222567193       -3.5710147901375882     
   1.1370756509950799       -3.3741091576251536     
   1.1604002797334405       -3.1921760844398608     
   1.1837249084718011       -3.0237267105072081     
   1.2070495372101617       -2.8676110902937206     
   1.2303741659485223       -2.7226095181622867     
   1.2536987946868829       -2.5878415254740634     
   1.2770234234252436       -2.4622924344004447     
   1.3003480521636042       -2.3452808790355384     
   1.3236726809019648       -2.2359562941033411     
   1.3469973096403254       -2.1338081939860336     
   1.3703219383786860       -2.0381116602805012     
   1.3936465671170466       -1.9484815495361554     
   1.4169711958554072       -1.8642933413375993     
   1.4402958245937678       -1.7852735034886582     
   1.4636204533321284       -1.7108738575799936     
   1.4869450820704890       -1.6409019750872269     
   1.5102697108088496       -1.5748713972021118     
   1.5335943395472103       -1.5126636544166441     
   1.5569189682855709       -1.4538393937205252     
   1.5802435970239315       -1.3983332356059299     
   1.6035682257622921       -1.3457436906521449     
   1.6268928545006527       -1.2960565587952968     
   1.6502174832390133       -1.2488986064305840     
   1.6735421119773739       -1.2042915741961506     
   1.6968667407157345       -1.1618863485475772     
   1.7201913694540951       -1.1217396474436405     
   1.7435159981924557       -1.0835201173853104     
   1.7668406269308163       -1.0473088943765199     
   1.7901652556691769       -1.0127902859104956     
   1.8134898844075376      -0.98006973950014686     
   1.8368145131458982      -0.94884257622577772     
   1.8834637706226194      -0.89094644339599172     
   1.9301130280993406      -0.83846474662603976     
   1.9767622855760618      -0.79086636913752562     
   2.0234115430527830      -0.74766826439609668     
   2.0700608005295043      -0.70847259000842722     
   2.1167100580062255      -0.67290960729649574     
   2.1633593154829467      -0.64067450844675189     
   2.2100085729596679      -0.61148227207688466     
   2.2566578304363891      -0.58509362848427382     
   2.3033070879131103      -0.56128917723800853     
   2.3499563453898316      -0.53987575121148557     
   2.3966056028665528      -0.52068541583528294     
 atom Ni   dist =  11.53441  coord =    0.00000   0.00000 -11.53441
   7.2889464807377011E-004  -76567.743440033519     
   1.4577892961475402E-003  -38153.529579319533     
   2.1866839442213105E-003  -25348.930260090019     
   2.9155785922950804E-003  -18946.783559741780     
   3.6444732403688503E-003  -15105.645572585354     
   4.3733678884426202E-003  -12545.040013666689     
   5.1022625365163901E-003  -10716.181968713507     
   5.8311571845901600E-003  -9344.6844945642915     
   6.5600518326639299E-003  -8278.1021066763060     
   7.2889464807376998E-003  -7424.9732582102324     
   8.0178411288114697E-003  -6727.0874868149194     
   8.7467357768852404E-003  -6145.6436854436297     
   9.4756304249590112E-003  -5653.7723021346892     
   1.0204525073032782E-002  -5232.2867403867867     
   1.0933419721106553E-002  -4867.1098713197744     
   1.1662314369180323E-002  -4547.6898295911296     
   1.2391209017254094E-002  -4265.9507946475032     
   1.3120103665327865E-002  -4015.6175784183802     
   1.3848998313401636E-002  -3791.7294968443348     
   1.4577892961475407E-002  -3590.3240213387553     
   1.5306787609549177E-002  -3408.1869232777040     
   1.6035682257622946E-002  -3242.6944061442186     
   1.6764576905696715E-002  -3091.6726133068710     
   1.7493471553770484E-002  -2953.3160267291510     
   1.8222366201844253E-002  -2826.1017150589637     
   1.8951260849918022E-002  -2708.7470725456310     
   1.9680155497991791E-002  -2600.1532749705621     
   2.0409050146065560E-002  -2499.3844979998635     
   2.1137944794139329E-002  -2405.6278132434286     
   2.1866839442213098E-002  -2318.1847027370950     
   2.2595734090286868E-002  -2236.4406391702773     
   2.3324628738360637E-002  -2159.8639253081801     
   2.4053523386434406E-002  -2087.9812069622435     
   2.4782418034508175E-002  -2020.3808257913445     
   2.5511312682581944E-002  -1956.6920961857506     
   2.6240207330655713E-002  -1896.5915180779079     
   2.6969101978729482E-002  -1839.7845185912424     
   2.7697996626803251E-002  -1786.0135207242342     
   2.8426891274877020E-002  -1735.0413448649181     
   2.9155785922950789E-002  -1686.6605077582751     
   3.0613575219098330E-002  -1596.9242451393648     
   3.2071364515245872E-002  -1515.4887965959344     
   3.3529153811393410E-002  -1441.2668983641699     
   3.4986943107540948E-002  -1373.3525598682611     
   3.6444732403688486E-002  -1310.9846213218100     
   3.7902521699836024E-002  -1253.5191775161254     
   3.9360310995983562E-002  -1200.4076253373994     
   4.0818100292131100E-002  -1151.1799482190918     
   4.2275889588278638E-002  -1105.4308894418079     
   4.3733678884426176E-002  -1062.8094676978817     
   4.5191468180573714E-002  -1023.0099322861740     
   4.6649257476721252E-002  -985.76500820331671     
   4.8107046772868790E-002  -950.83976262857823     
   4.9564836069016328E-002  -918.02716529744498     
   5.1022625365163866E-002  -887.14378728250756     
   5.2480414661311404E-002  -858.02684469447775     
   5.3938203957458943E-002  -830.53109022501906     
   5.5395993253606481E-002  -804.52681424859247     
   5.6853782549754019E-002  -779.89756045999843     
   5.8311571845901557E-002  -756.53873537368952     
   5.9769361142049095E-002  -734.35592016873170     
   6.1227150438196633E-002  -713.26386636972143     
   6.2684939734344178E-002  -693.18524984883879     
   6.4142729030491716E-002  -674.04991266896957     
   6.5600518326639254E-002  -655.79395294099811     
   6.7058307622786792E-002  -638.35911891846729     
   6.8516096918934330E-002  -621.69216453448155     
   6.9973886215081868E-002  -605.74432889993454     
   7.1431675511229406E-002  -590.47091073335855     
   7.2889464807376944E-002  -575.83078683400606     
   7.4347254103524482E-002  -561.78616992591105     
   7.5805043399672020E-002  -548.30213722332564     
   7.7262832695819558E-002  -535.34654259201591     
   7.8720621991967096E-002  -522.88953705891470     
   8.0178411288114634E-002  -510.90361256371216     
   8.1636200584262172E-002  -499.36310279944280     
   8.3093989880409710E-002  -488.24433986907968     
   8.4551779176557249E-002  -477.52512998146926     
   8.6009568472704787E-002  -467.18500548409980     
   8.7467357768852325E-002  -457.20467307458955     
   9.0382936361147401E-002  -438.25321018688254     
   9.3298514953442477E-002  -420.54093965868242     
   9.6214093545737553E-002  -403.95423626027667     
   9.9129672138032629E-002  -388.39278180304240     
  0.10204525073032771       -373.76813055815603     
  0.10496082932262278       -360.00151735487555     
  0.10787640791491786       -347.02305719194720     
  0.11079198650721293       -334.77002152025426     
  0.11370756509950801       -323.18642914794782     
  0.11662314369180309       -312.22169177996108     
  0.11953872228409816       -301.83039451952806     
  0.12245430087639324       -291.97128344854144     
  0.12536987946868833       -282.60707976586963     
  0.12828545806098340       -273.70381074652499     
  0.13120103665327848       -265.23054007886429     
  0.13411661524557356       -257.15904802074880     
  0.13703219383786863       -249.46339923722391     
  0.13994777243016371       -242.11997211907871     
  0.14286335102245878       -235.10682007635680     
  0.14577892961475386       -228.40403286977883     
  0.14869450820704894       -221.99288181037380     
  0.15161008679934401       -215.85647919497802     
  0.15452566539163909       -209.97871871301754     
  0.15744124398393416       -204.34519594380632     
  0.16035682257622924       -198.94196034411431     
  0.16327240116852432       -193.75666590041757     
  0.16618797976081939       -188.77714822042608     
  0.16910355835311447       -183.99278184510570     
  0.17201913694540955       -179.39289250563928     
  0.17493471553770462       -174.96830472331067     
  0.17785029412999970       -170.70959545685938     
  0.18076587272229477       -166.60881919028907     
  0.18368145131458985       -162.65761112129468     
  0.18659702990688493       -158.84907560885716     
  0.18951260849918000       -155.17574712786893     
  0.19242818709147508       -151.63163213255444     
  0.19534376568377015       -148.21003504058217     
  0.19825934427606523       -144.90573931029630     
  0.20117492286836031       -141.71271142559740     
  0.20409050146065538       -138.62641031922607     
  0.20992165864524553       -132.75365161437412     
  0.21575281582983569       -127.25179155306570     
  0.22158397301442584       -122.08896522366170     
  0.22741513019901599       -117.23661612802444     
  0.23324628738360614       -112.66909075964756     
  0.23907744456819630       -108.36335549139447     
  0.24490860175278645       -104.29856039365745     
  0.25073975893737660       -100.45601958447301     
  0.25657091612196675       -96.818632073538041     
  0.26240207330655690       -93.371173440050711     
  0.26823323049114706       -90.099494779499395     
  0.27406438767573721       -86.991149378910052     
  0.27989554486032736       -84.034335434484106     
  0.28572670204491751       -81.218844610708629     
  0.29155785922950767       -78.534759633928473     
  0.29738901641409782       -75.973681997424166     
  0.30322017359868797       -73.527219305198557     
  0.30905133078327812       -71.188444685958004     
  0.31488248796786827       -68.950204325930585     
  0.32071364515245843       -66.806775409361890     
  0.32654480233704858       -64.752012629343895     
  0.33237595952163873       -62.781184338671842     
  0.33820711670622888       -60.888967518291508     
  0.34403827389081904       -59.071452356484507     
  0.34986943107540919       -57.323987747051397     
  0.35570058825999934       -55.643346162719027     
  0.36153174544458949       -54.025430029860345     
  0.36736290262917964       -52.467580086468807     
  0.37319405981376980       -50.966154201384541     
  0.37902521699835995       -49.518969775550914     
  0.38485637418295010       -48.122760972766521     
  0.39068753136754025       -46.775745901584706     
  0.39651868855213040       -45.474969378312011     
  0.40234984573672056       -44.218990183511522     
  0.40818100292131071       -43.005110340051012     
  0.41401216010590086       -41.832175247302139     
  0.41984331729049101       -40.697704619915463     
  0.42567447447508117       -39.600787921399444     
  0.43150563165967132       -38.539124378743836     
  0.43733678884426147       -37.512013688211695     
  0.44899910321344177       -35.554493432476676     
  0.46066141758262208       -33.718057453095945     
  0.47232373195180238       -31.993665995131529     
  0.48398604632098269       -30.373086069545952     
  0.49564836069016299       -28.849001827387188     
  0.50731067505934335       -27.414600749609406     
  0.51897298942852366       -26.063903562217870     
  0.53063530379770396       -24.791150691616721     
  0.54229761816688427       -23.591420857308719     
  0.55395993253606457       -22.459752355940466     
  0.56562224690524487       -21.392074925575546     
  0.57728456127442518       -20.384048297788652     
  0.58894687564360548       -19.432295759384210     
  0.60060919001278579       -18.532972436974351     
  0.61227150438196609       -17.683275552955639     
  0.62393381875114640       -16.879762229521916     
  0.63559613312032670       -16.120112463353092     
  0.64725844748950701       -15.401214952595286     
  0.65892076185868731       -14.721159301793978     
  0.67058307622786761       -14.077112319845545     
  0.68224539059704792       -13.467516092806866     
  0.69390770496622822       -12.889770026487454     
  0.70557001933540853       -12.342623814455189     
  0.71723233370458883       -11.823673522550312     
  0.72889464807376914       -11.331938254514924     
  0.74055696244294944       -10.865181503806213     
  0.75221927681212974       -10.422660210962363     
  0.76388159118131005       -10.002280305787316     
  0.77554390555049035       -9.6035087566720900     
  0.78720621991967066       -9.2243736506262959     
  0.79886853428885096       -8.8645297943528032     
  0.81053084865803127       -8.5221081518144501     
  0.82219316302721157       -8.1969309537130144     
  0.83385547739639188       -7.8872191222467123     
  0.84551779176557218       -7.5929422823275088     
  0.85718010613475248       -7.3123987177084437     
  0.86884242050393279       -7.0456909113181529     
  0.88050473487311309       -6.7911827399459224     
  0.89216704924229340       -6.5490948239661986     
  0.90382936361147370       -6.3178470270061045     
  0.92715399234983431       -5.8873342917093172     
  0.95047862108819492       -5.4951179631627696     
  0.97380324982655553       -5.1372602619070857     
  0.99712787856491614       -4.8101788102250413     
   1.0204525073032769       -4.5107859246924500     
   1.0437771360416375       -4.2362371418860096     
   1.0671017647799981       -3.9841139745097682     
   1.0904263935183587       -3.7521483117496097     
   1.1137510222567193       -3.5384455669312462     
   1.1370756509950799       -3.3411745643145592     
   1.1604002797334405       -3.1588648571957885     
   1.1837249084718011       -2.9900280766325804     
   1.2070495372101617       -2.8335160476354209     
   1.2303741659485223       -2.6881084918110352     
   1.2536987946868829       -2.5529231255742708     
   1.2770234234252436       -2.4269454494562654     
   1.3003480521636042       -2.3094953979179729     
   1.3236726809019648       -2.1997219225530382     
   1.3469973096403254       -2.0971131798606741     
   1.3703219383786860       -2.0009442239793414     
   1.3936465671170466       -1.9108309013807712     
   1.4169711958554072       -1.8261482429681526     
   1.4402958245937678       -1.7466215192948034     
   1.4636204533321284       -1.6717025532595848     
   1.4869450820704890       -1.6011996492137053     
   1.5102697108088496       -1.5346259344378692     
   1.5335943395472103       -1.4718617716157163     
   1.5569189682855709       -1.4124679115786138     
   1.5802435970239315       -1.3563795246646750     
   1.6035682257622921       -1.3031947395501400     
   1.6268928545006527       -1.2528985117604730     
   1.6502174832390133       -1.2051174827827986     
   1.6735421119773739       -1.1598736977971096     
   1.6968667407157345       -1.1168176875203037     
   1.7201913694540951       -1.0760055703487532     
   1.7435159981924557       -1.0371057077260288     
   1.7668406269308163       -1.0001993745323381     
   1.7901652556691769      -0.96497051852810367     
   1.8134898844075376      -0.93152400496233267     
   1.8368145131458982      -0.89955492256946135     
   1.8834637706226194      -0.84012679612991836     
   1.9301130280993406      -0.78604577571389256     
   1.9767622855760618      -0.73677916835797186     
   2.0234115430527830      -0.69184098674016981     
   2.0700608005295043      -0.65083098835576392     
   2.1167100580062255      -0.61337656042014022     
   2.1633593154829467      -0.57916984287340956     
   2.2100085729596679      -0.54792257985313064     
   2.2566578304363891      -0.51939151076167955     
   2.3033070879131103      -0.49335533431081485     
   2.3499563453898316      -0.46961667616607145     
   2.3966056028665528      -0.44800366491097471     
   2.4432548603432740      -0.42835340153507617     
   2.4899041178199952      -0.41053413422703755     
   2.5365533752967164      -0.39440862990816006     
   2.5832026327734376      -0.37987696412451222     
