 atom Ni   dist =   0.00000  coord =    0.00000   0.00000   0.00000
   7.2889464807377011E-004  -76624.839083900850     
   1.4577892961475402E-003  -38209.468973414907     
   2.1866839442213105E-003  -25403.889838454023     
   2.9155785922950804E-003  -19000.901822095035     
   3.6444732403688503E-003  -15158.929712607711     
   4.3733678884426202E-003  -12597.591830079398     
   5.1022625365163901E-003  -10768.010557841686     
   5.8311571845901600E-003  -9395.8131008755790     
   6.5600518326639299E-003  -8328.5495560735380     
   7.2889464807376998E-003  -7474.7642927070210     
   8.0178411288114697E-003  -6776.2299458336911     
   8.7467357768852404E-003  -6194.1355868101737     
   9.4756304249590112E-003  -5701.6855323824666     
   1.0204525073032782E-002  -5279.5804459055944     
   1.0933419721106553E-002  -4913.8094225843306     
   1.1662314369180323E-002  -4593.8069114604068     
   1.2391209017254094E-002  -4311.3486297601030     
   1.3120103665327865E-002  -4060.6061779980823     
   1.3848998313401636E-002  -3836.8775021199085     
   1.4577892961475407E-002  -3634.2228084887820     
   1.5306787609549177E-002  -3451.5546500977421     
   1.6035682257622946E-002  -3285.5398253397511     
   1.6764576905696715E-002  -3133.9874885135850     
   1.7493471553770484E-002  -2995.1395167942464     
   1.8222366201844253E-002  -2867.4319908402658     
   1.8951260849918022E-002  -2749.5898845285133     
   1.9680155497991791E-002  -2640.0533714635226     
   2.0409050146065560E-002  -2539.2733408445733     
   2.1137944794139329E-002  -2444.8860134049273     
   2.1866839442213098E-002  -2357.1509317705581     
   2.2595734090286868E-002  -2274.9564823019423     
   2.3324628738360637E-002  -2197.9356055065518     
   2.4053523386434406E-002  -2125.6165819153380     
   2.4782418034508175E-002  -2057.5844059369851     
   2.5511312682581944E-002  -1993.4743833657437     
   2.6240207330655713E-002  -1932.9597332950038     
   2.6969101978729482E-002  -1875.7410801638548     
   2.7697996626803251E-002  -1821.5664084987523     
   2.8426891274877020E-002  -1770.1961437732950     
   2.9155785922950789E-002  -1721.4261855942093     
   3.0613575219098330E-002  -1630.9250664632882     
   3.2071364515245872E-002  -1548.7508989648431     
   3.3529153811393410E-002  -1473.8141840806370     
   3.4986943107540948E-002  -1405.2046040714363     
   3.6444732403688486E-002  -1342.1643646480622     
   3.7902521699836024E-002  -1284.0483425765960     
   3.9360310995983562E-002  -1230.3080267260468     
   4.0818100292131100E-002  -1180.4718190823153     
   4.2275889588278638E-002  -1134.1337280090211     
   4.3733678884426176E-002  -1090.9431021458672     
   4.5191468180573714E-002  -1050.5912889397086     
   4.6649257476721252E-002  -1012.8209476405691     
   4.8107046772868790E-002  -977.37983382245591     
   4.9564836069016328E-002  -944.07331317184958     
   5.1022625365163866E-002  -912.71207429294350     
   5.2480414661311404E-002  -883.13811617995896     
   5.3938203957458943E-002  -854.90899863310835     
   5.5395993253606481E-002  -828.76798447921351     
   5.6853782549754019E-002  -803.72966660695397     
   5.8311571845901557E-002  -779.97574193640617     
   5.9769361142049095E-002  -757.41583080368844     
   6.1227150438196633E-002  -735.96053974497875     
   6.2684939734344178E-002  -715.53440949968342     
   6.4142729030491716E-002  -696.06581153898048     
   6.5600518326639254E-002  -677.49024592697231     
   6.7058307622786792E-002  -659.75164769814626     
   6.8516096918934330E-002  -642.79176596419723     
   6.9973886215081868E-002  -626.56729899451761     
   7.1431675511229406E-002  -611.02239575584133     
   7.2889464807376944E-002  -596.13007435620102     
   7.4347254103524482E-002  -581.84261625272723     
   7.5805043399672020E-002  -568.12712282537427     
   7.7262832695819558E-002  -554.95081490692064     
   7.8720621991967096E-002  -542.28358342699471     
   8.0178411288114634E-002  -530.09646079175036     
   8.1636200584262172E-002  -518.36506910090543     
   8.3093989880409710E-002  -507.06416184849559     
   8.4551779176557249E-002  -496.17084459539450     
   8.6009568472704787E-002  -485.66690599441074     
   8.7467357768852325E-002  -475.55414148166352     
   9.0382936361147401E-002  -456.27869027221425     
   9.3298514953442477E-002  -438.29551500470598     
   9.6214093545737553E-002  -421.45894596414655     
   9.9129672138032629E-002  -405.66688806982677     
  0.10204525073032771       -390.82516900291540     
  0.10496082932262278       -376.85569705537290     
  0.10787640791491786       -363.70327204044656     
  0.11079198650721293       -351.24921789758497     
  0.11370756509950801       -339.49059077066073     
  0.11662314369180309       -328.35512886886988     
  0.11953872228409816       -317.79807367871882     
  0.12245430087639324       -307.77621895359994     
  0.12536987946868833       -298.25411972140648     
  0.12828545806098340       -289.22427973857134     
  0.13120103665327848       -280.56112939447706     
  0.13411661524557356       -272.32927603550235     
  0.13703219383786863       -264.47825739506857     
  0.13994777243016371       -257.11079056861439     
  0.14286335102245878       -249.80686685364680     
  0.14577892961475386       -242.94828847593647     
  0.14869450820704894       -236.37961386822755     
  0.15161008679934401       -230.07944835383412     
  0.15452566539163909       -224.04197735428238     
  0.15744124398393416       -218.24732682290264     
  0.16035682257622924       -212.68217927071385     
  0.16327240116852432       -207.33757124830271     
  0.16618797976081939       -202.19328377732330     
  0.16910355835311447       -197.24581579715760     
  0.17201913694540955       -192.48121763817647     
  0.17493471553770462       -187.89285394866118     
  0.17785029412999970       -183.46386535993236     
  0.18076587272229477       -179.20676936925949     
  0.18368145131458985       -175.08019449499116     
  0.18659702990688493       -171.11417653474857     
  0.18951260849918000       -167.26711299043771     
  0.19242818709147508       -163.57963393017883     
  0.19534376568377015       -159.98860442609069     
  0.19825934427606523       -156.52300574467014     
  0.20117492286836031       -153.16847151912728     
  0.20409050146065538       -149.92156183130149     
  0.20992165864524553       -143.72596978362981     
  0.21575281582983569       -137.91219031364628     
  0.22158397301442584       -132.43769457247862     
  0.22741513019901599       -127.26992955022891     
  0.23324628738360614       -122.41128841763039     
  0.23907744456819630       -117.81219907520889     
  0.24490860175278645       -113.46580727672628     
  0.25073975893737660       -109.33024045858022     
  0.25657091612196675       -105.43088363558540     
  0.26240207330655690       -101.72049265791674     
  0.26823323049114706       -98.193369653327451     
  0.27406438767573721       -94.840416728749759     
  0.27989554486032736       -91.651939696366952     
  0.28572670204491751       -88.672617395737547     
  0.29155785922950767       -85.700876285966046     
  0.29738901641409782       -82.932731011428871     
  0.30322017359868797       -80.286367298694671     
  0.30905133078327812       -77.751546457023338     
  0.31488248796786827       -75.339091874612649     
  0.32071364515245843       -73.022670156579323     
  0.32654480233704858       -70.841941491229107     
  0.33237595952163873       -68.683572432416199     
  0.33820711670622888       -66.646106187989986     
  0.34403827389081904       -64.725800905300275     
  0.34986943107540919       -62.813319499505326     
  0.35570058825999934       -61.012469825713666     
  0.36153174544458949       -59.280246826693414     
  0.36736290262917964       -57.614562887578089     
  0.37319405981376980       -56.012450839263941     
  0.37902521699835995       -54.476129972836723     
  0.38485637418295010       -52.983366980260527     
  0.39068753136754025       -51.552632345239402     
  0.39651868855213040       -50.172151863658435     
  0.40234984573672056       -48.844246090601715     
  0.40818100292131071       -47.575923865414204     
  0.41401216010590086       -46.315869326565576     
  0.41984331729049101       -45.116700349553284     
  0.42567447447508117       -43.960172769851290     
  0.43150563165967132       -42.857528076731953     
  0.43733678884426147       -41.759172897067437     
  0.44899910321344177       -39.698442445246457     
  0.46066141758262208       -37.767936374537264     
  0.47232373195180238       -35.955782757136966     
  0.48398604632098269       -34.253897575694104     
  0.49564836069016299       -32.652710110754562     
  0.50731067505934335       -31.141760312929357     
  0.51897298942852366       -29.726985810558887     
  0.53063530379770396       -28.389401875961337     
  0.54229761816688427       -27.126780511766185     
  0.55395993253606457       -25.935168673945189     
  0.56562224690524487       -24.810049223760497     
  0.57728456127442518       -23.748819065115011     
  0.58894687564360548       -22.764533632098434     
  0.60060919001278579       -21.789886684116603     
  0.61227150438196609       -20.891673455961968     
  0.62393381875114640       -20.040564543234733     
  0.63559613312032670       -19.235705916737210     
  0.64725844748950701       -18.472748050289159     
  0.65892076185868731       -17.751071057542550     
  0.67058307622786761       -17.067550840776910     
  0.68224539059704792       -16.421366555379084     
  0.69390770496622822       -15.808769438260025     
  0.70557001933540853       -15.230329504385605     
  0.71723233370458883       -14.683608089960744     
  0.72889464807376914       -14.169039372075206     
  0.74055696244294944       -13.686129231374675     
  0.75221927681212974       -13.238000361975146     
  0.76388159118131005       -12.842927390348500     
  0.77554390555049035       -12.440773729344759     
  0.78720621991967066       -12.031093023375206     
  0.79886853428885096       -11.628227287323856     
  0.81053084865803127       -11.240220591365711     
  0.82219316302721157       -10.862499020495793     
  0.83385547739639188       -10.500967887124224     
  0.84551779176557218       -10.149135151515239     
  0.85718010613475248       -9.8130288912685053     
  0.86884242050393279       -9.4914202910649106     
  0.88050473487311309       -9.1791705407653907     
  0.89216704924229340       -8.8813465641134073     
  0.90382936361147370       -8.5958153029340476     
  0.92715399234983431       -8.0568499820281776     
  0.95047862108819492       -7.5606342828164195     
  0.97380324982655553       -7.1016722543447344     
  0.99712787856491614       -6.6805235157914762     
   1.0204525073032769       -6.2912092908775508     
   1.0437771360416375       -5.9337151096737069     
   1.0671017647799981       -5.5953997176038346     
   1.0904263935183587       -5.2859922212547588     
   1.1137510222567193       -4.9990974062589757     
   1.1370756509950799       -4.7330147783317429     
   1.1604002797334405       -4.4857371215054522     
   1.1837249084718011       -4.2625020039844284     
   1.2070495372101617       -4.0426914171685029     
   1.2303741659485223       -3.8429189234598855     
   1.2536987946868829       -3.6578651301182106     
   1.2770234234252436       -3.4845854437153543     
   1.3003480521636042       -3.3170051211162925     
   1.3236726809019648       -3.1725341092929762     
   1.3469973096403254       -3.0312705628791834     
   1.3703219383786860       -2.8994943856353537     
   1.3936465671170466       -2.7761588852968808     
   1.4169711958554072       -2.6601494739957534     
   1.4402958245937678       -2.5518226026359878     
   1.4636204533321284       -2.4502887235288449     
   1.4869450820704890       -2.3547984389031762     
   1.5102697108088496       -2.2653558499812019     
   1.5335943395472103       -2.1812384832344907     
   1.5569189682855709       -2.0988034901726551     
   1.5802435970239315       -2.0277992809404215     
   1.6035682257622921       -1.9575163656025902     
   1.6268928545006527       -1.8915379805085992     
   1.6502174832390133       -1.8289231087770204     
   1.6735421119773739       -1.7708738034204854     
   1.6968667407157345       -1.7160309314240587     
   1.7201913694540951       -1.6637073970124043     
   1.7435159981924557       -1.6144661859215028     
   1.7668406269308163       -1.5659719516011092     
   1.7901652556691769       -1.5245132245165605     
   1.8134898844075376       -1.4831411728893451     
   1.8368145131458982       -1.4441088516213507     
   1.8834637706226194       -1.3723636176997800     
   1.9301130280993406       -1.3086379374774526     
   1.9767622855760618       -1.2513792890942779     
   2.0234115430527830       -1.2005740150239914     
   2.0700608005295043       -1.1556857222087835     
   2.1167100580062255       -1.1195620470771441     
   2.1633593154829467       -1.0801651401651096     
   2.2100085729596679       -1.0486120740902032     
   2.2566578304363891       -1.0212648217154106     
   2.3033070879131103      -0.99722989458905986     
   2.3499563453898316      -0.97665132032053181     
   2.3966056028665528      -0.95904904826769810     
   2.4432548603432740      -0.94433480356511701     
 atom Ni   dist =   4.70890  coord =    1.35934   2.35445  -3.84480
   7.2889464807377011E-004  -76618.849939753360     
   1.4577892961475402E-003  -38203.488450839868     
   2.1866839442213105E-003  -25397.911708773689     
   2.9155785922950804E-003  -18994.925925507909     
   3.6444732403688503E-003  -15152.952335258509     
   4.3733678884426202E-003  -12591.614562924520     
   5.1022625365163901E-003  -10762.033162473121     
   5.8311571845901600E-003  -9389.8329541305648     
   6.5600518326639299E-003  -8322.5716775341280     
   7.2889464807376998E-003  -7468.7857055122140     
   8.0178411288114697E-003  -6770.2512744885016     
   8.7467357768852404E-003  -6188.1563850103566     
   9.4756304249590112E-003  -5695.7058322250414     
   1.0204525073032782E-002  -5273.6001584177793     
   1.0933419721106553E-002  -4907.8285254818556     
   1.1662314369180323E-002  -4587.8965683204069     
   1.2391209017254094E-002  -4305.5182273859173     
   1.3120103665327865E-002  -4054.6019074671849     
   1.3848998313401636E-002  -3830.3282134373999     
   1.4577892961475407E-002  -3628.2389062068301     
   1.5306787609549177E-002  -3445.5702881415145     
   1.6035682257622946E-002  -3279.5549784599011     
   1.6764576905696715E-002  -3128.0022317539492     
   1.7493471553770484E-002  -2989.1541626461735     
   1.8222366201844253E-002  -2861.4457662512050     
   1.8951260849918022E-002  -2743.6038179765292     
   1.9680155497991791E-002  -2634.5290699135248     
   2.0409050146065560E-002  -2533.2871245515053     
   2.1137944794139329E-002  -2438.8981720681895     
   2.1866839442213098E-002  -2351.1649762742281     
   2.2595734090286868E-002  -2268.9708158292701     
   2.3324628738360637E-002  -2191.9503546486876     
   2.4053523386434406E-002  -2119.6318581468468     
   2.4782418034508175E-002  -2051.6003450333596     
   2.5511312682581944E-002  -1987.4911177851820     
   2.6240207330655713E-002  -1926.9774573881857     
   2.6969101978729482E-002  -1869.7598313559197     
   2.7697996626803251E-002  -1815.5863737687080     
   2.8426891274877020E-002  -1764.2174808307047     
   2.9155785922950789E-002  -1715.4490556359572     
   3.0613575219098330E-002  -1624.9514656660851     
   3.2071364515245872E-002  -1542.7816029636147     
   3.3529153811393410E-002  -1467.8497190119672     
   3.4986943107540948E-002  -1399.2457798692635     
   3.6444732403688486E-002  -1336.2119421741297     
   3.7902521699836024E-002  -1278.1029877404167     
   3.9360310995983562E-002  -1224.3705432924846     
   4.0818100292131100E-002  -1174.5429602102215     
   4.2275889588278638E-002  -1128.2143592415171     
   4.3733678884426176E-002  -1085.0339304592221     
   4.5191468180573714E-002  -1044.6930852130126     
   4.6649257476721252E-002  -1006.9317011118886     
   4.8107046772868790E-002  -971.50516550734415     
   4.9564836069016328E-002  -938.21217899313535     
   5.1022625365163866E-002  -906.83525262480316     
   5.2480414661311404E-002  -877.30455720702889     
   5.3938203957458943E-002  -849.38187247211761     
   5.5395993253606481E-002  -822.96850000667212     
   5.6853782549754019E-002  -797.94765220981094     
   5.8311571845901557E-002  -774.21159614364171     
   5.9769361142049095E-002  -751.66914868716208     
   6.1227150438196633E-002  -730.22800634569171     
   6.2684939734344178E-002  -709.82484738518178     
   6.4142729030491716E-002  -690.37592803813106     
   6.5600518326639254E-002  -671.82295234491630     
   6.7058307622786792E-002  -654.09201660372946     
   6.8516096918934330E-002  -637.16718825341093     
   6.9973886215081868E-002  -620.96129651281603     
   7.1431675511229406E-002  -605.44571009500214     
   7.2889464807376944E-002  -590.56869267845002     
   7.4347254103524482E-002  -576.30616066112475     
   7.5805043399672020E-002  -562.61341818820017     
   7.7262832695819558E-002  -549.46015952814309     
   7.8720621991967096E-002  -536.81518500615414     
   8.0178411288114634E-002  -524.65392742651989     
   8.1636200584262172E-002  -512.94375805279333     
   8.3093989880409710E-002  -501.66708014349661     
   8.4551779176557249E-002  -490.79817970096656     
   8.6009568472704787E-002  -480.31583466046845     
   8.7467357768852325E-002  -470.20100271802426     
   9.0382936361147401E-002  -451.00073610359408     
   9.3298514953442477E-002  -433.06638683967935     
   9.6214093545737553E-002  -416.27772948248162     
   9.9129672138032629E-002  -400.53369576069309     
  0.10204525073032771       -385.74232199036510     
  0.10496082932262278       -371.82303786268767     
  0.10787640791491786       -358.70020655522791     
  0.11079198650721293       -346.31621191689186     
  0.11370756509950801       -334.63693727008257     
  0.11662314369180309       -323.57819306167681     
  0.11953872228409816       -313.01362513197392     
  0.12245430087639324       -303.04270010773797     
  0.12536987946868833       -293.57025984607458     
  0.12828545806098340       -284.56236122524081     
  0.13120103665327848       -275.98056177580435     
  0.13411661524557356       -267.80915714426834     
  0.13703219383786863       -260.00918752202563     
  0.13994777243016371       -252.56180797429985     
  0.14286335102245878       -245.44459402764710     
  0.14577892961475386       -238.63881794754562     
  0.14869450820704894       -232.12490205906448     
  0.15161008679934401       -225.87261196349388     
  0.15452566539163909       -219.90236020695718     
  0.15744124398393416       -214.16872598119784     
  0.16035682257622924       -208.65583771599137     
  0.16327240116852432       -203.36534469862391     
  0.16618797976081939       -198.27934410771545     
  0.16910355835311447       -193.38797842827853     
  0.17201913694540955       -188.68191951164957     
  0.17493471553770462       -184.15734259923047     
  0.17785029412999970       -179.78433638670344     
  0.18076587272229477       -175.57572921803595     
  0.18368145131458985       -171.51702815722714     
  0.18659702990688493       -167.60071472637810     
  0.18951260849918000       -163.82009586309550     
  0.19242818709147508       -160.16548280303653     
  0.19534376568377015       -156.63491842910486     
  0.19825934427606523       -153.22631005963513     
  0.20117492286836031       -149.91332447553839     
  0.20409050146065538       -146.73584076713962     
  0.20992165864524553       -140.65200289381022     
  0.21575281582983569       -134.94022445298378     
  0.22158397301442584       -129.57481755843136     
  0.22741513019901599       -124.51793004949243     
  0.23324628738360614       -119.75155094907203     
  0.23907744456819630       -115.25219285804391     
  0.24490860175278645       -110.99802686379154     
  0.25073975893737660       -106.97053162759784     
  0.25657091612196675       -103.14551471010975     
  0.26240207330655690       -99.532563914681532     
  0.26823323049114706       -96.093123933118051     
  0.27406438767573721       -92.821980331699436     
  0.27989554486032736       -89.710374665384165     
  0.28572670204491751       -86.749000184074987     
  0.29155785922950767       -83.988077459139703     
  0.29738901641409782       -81.235697164734631     
  0.30322017359868797       -78.647014693772135     
  0.30905133078327812       -76.185967380280246     
  0.31488248796786827       -73.833218121889956     
  0.32071364515245843       -71.579926648854297     
  0.32654480233704858       -69.423989690916187     
  0.33237595952163873       -67.352905496365409     
  0.33820711670622888       -65.411515870072165     
  0.34403827389081904       -63.512119833830553     
  0.34986943107540919       -61.653334320749607     
  0.35570058825999934       -59.911621107182697     
  0.36153174544458949       -58.219354500837923     
  0.36736290262917964       -56.601561340575358     
  0.37319405981376980       -55.045769051338823     
  0.37902521699835995       -53.548262972293017     
  0.38485637418295010       -52.107274676593690     
  0.39068753136754025       -50.717029465485396     
  0.39651868855213040       -49.377930156877348     
  0.40234984573672056       -48.086647549262786     
  0.40818100292131071       -46.840517254160666     
  0.41401216010590086       -45.638280205433354     
  0.41984331729049101       -44.476766592875876     
  0.42567447447508117       -43.354468794733393     
  0.43150563165967132       -42.269874152072660     
  0.43733678884426147       -41.220588648910777     
  0.44899910321344177       -39.224079276867741     
  0.46066141758262208       -37.355881924480990     
  0.47232373195180238       -35.596845788135063     
  0.48398604632098269       -33.946525537526874     
  0.49564836069016299       -32.392714796821885     
  0.50731067505934335       -30.887707800794924     
  0.51897298942852366       -29.552461765074799     
  0.53063530379770396       -28.252018943859902     
  0.54229761816688427       -27.023209092173740     
  0.55395993253606457       -25.863981557223013     
  0.56562224690524487       -24.766585333847036     
  0.57728456127442518       -23.729618144930384     
  0.58894687564360548       -22.748603996040927     
  0.60060919001278579       -21.788344852386750     
  0.61227150438196609       -20.847331873540760     
  0.62393381875114640       -20.104604189137287     
  0.63559613312032670       -19.315543816255406     
  0.64725844748950701       -18.566300123310285     
  0.65892076185868731       -17.853450723770507     
  0.67058307622786761       -17.187722857623228     
  0.68224539059704792       -16.554513655939953     
  0.69390770496622822       -15.949469593510281     
  0.70557001933540853       -15.379148645275796     
  0.71723233370458883       -14.842355755372127     
  0.72889464807376914       -14.346601664376387     
  0.74055696244294944       -13.873219306668089     
  0.75221927681212974       -13.454608400672418     
  0.76388159118131005       -13.010475502973160     
  0.77554390555049035       -12.597847718415629     
  0.78720621991967066       -12.171590232899362     
  0.79886853428885096       -11.764792182433183     
  0.81053084865803127       -11.370560077568882     
  0.82219316302721157       -10.990964566261047     
  0.83385547739639188       -10.626030087815932     
  0.84551779176557218       -10.275396394869563     
  0.85718010613475248       -9.9380239315251941     
  0.86884242050393279       -9.6142893764476192     
  0.88050473487311309       -9.3031411031241866     
  0.89216704924229340       -9.0041884670018817     
  0.90382936361147370       -8.7208371668714406     
  0.92715399234983431       -8.1764412470756636     
  0.95047862108819492       -7.6778454163954226     
  0.97380324982655553       -7.2665024440015236     
  0.99712787856491614       -6.7904855701455054     
   1.0204525073032769       -6.3962357510903587     
   1.0437771360416375       -6.0307038634613761     
   1.0671017647799981       -5.6932038577464086     
   1.0904263935183587       -5.3788019445465114     
   1.1137510222567193       -5.0874382991302944     
   1.1370756509950799       -4.8170902931039450     
   1.1604002797334405       -4.5660870363339487     
   1.1837249084718011       -4.3320534132681541     
   1.2070495372101617       -4.1137191198978353     
   1.2303741659485223       -3.9103685909705592     
   1.2536987946868829       -3.7177580147027038     
   1.2770234234252436       -3.5439852282059188     
   1.3003480521636042       -3.3777899977542685     
   1.3236726809019648       -3.2229225275527646     
   1.3469973096403254       -3.0782749270791312     
   1.3703219383786860       -2.9421810905012489     
   1.3936465671170466       -2.8151846349196590     
   1.4169711958554072       -2.6958296048450667     
   1.4402958245937678       -2.5800161217912567     
   1.4636204533321284       -2.4786064960455683     
   1.4869450820704890       -2.3794902285272412     
   1.5102697108088496       -2.2866399627344292     
   1.5335943395472103       -2.1995107220952561     
   1.5569189682855709       -2.1168706767312084     
   1.5802435970239315       -2.0437670950178144     
   1.6035682257622921       -1.9663359321116143     
   1.6268928545006527       -1.8974124092254940     
   1.6502174832390133       -1.8318769014876399     
   1.6735421119773739       -1.7705968005361621     
   1.6968667407157345       -1.7065873123148132     
   1.7201913694540951       -1.6580726845923668     
   1.7435159981924557       -1.6065942544425105     
   1.7668406269308163       -1.5576548189052486     
   1.7901652556691769       -1.5112985728613575     
   1.8134898844075376       -1.4674453247337498     
   1.8368145131458982       -1.4259554212970178     
   1.8834637706226194       -1.3496046817144463     
   1.9301130280993406       -1.2811039096206769     
   1.9767622855760618       -1.2193242557173540     
   2.0234115430527830       -1.1643881604088622     
   2.0700608005295043       -1.1149723619794867     
   2.1167100580062255       -1.0705770867536446     
   2.1633593154829467       -1.0311027123599854     
   2.2100085729596679      -0.99566829495861398     
   2.2566578304363891      -0.95991744688691572     
   2.3033070879131103      -0.93622223825669915     
   2.3499563453898316      -0.91164068024977063     
   2.3966056028665528      -0.89016831878680336     
   2.4432548603432740      -0.87128706610999984     
   2.4899041178199952      -0.85571212868806079     
   2.5365533752967164      -0.84226455515684284     
 atom Ni   dist =   8.15606  coord =   -1.35934   2.35445  -7.68961
   7.2889464807377011E-004  -76618.824634612451     
   1.4577892961475402E-003  -38203.463145568800     
   2.1866839442213105E-003  -25397.886403474447     
   2.9155785922950804E-003  -18994.900620184839     
   3.6444732403688503E-003  -15152.927029795808     
   4.3733678884426202E-003  -12591.589257369455     
   5.1022625365163901E-003  -10762.007856815469     
   5.8311571845901600E-003  -9389.8076483935383     
   6.5600518326639299E-003  -8322.5463716536669     
   7.2889464807376998E-003  -7468.7603994938836     
   8.0178411288114697E-003  -6770.2259683559278     
   8.7467357768852404E-003  -6188.1310787380762     
   9.4756304249590112E-003  -5695.6805258084096     
   1.0204525073032782E-002  -5273.5748518460705     
   1.0933419721106553E-002  -4907.8032187465606     
   1.1662314369180323E-002  -4587.8712616282155     
   1.2391209017254094E-002  -4305.4929203188976     
   1.3120103665327865E-002  -4054.5766002088699     
   1.3848998313401636E-002  -3830.3029060851768     
   1.4577892961475407E-002  -3628.2135985276077     
   1.5306787609549177E-002  -3445.5449802530807     
   1.6035682257622946E-002  -3279.5296703479339     
   1.6764576905696715E-002  -3127.9769234124183     
   1.7493471553770484E-002  -2989.1288540963455     
   1.8222366201844253E-002  -2861.4204573705797     
   1.8951260849918022E-002  -2743.5785088903017     
   1.9680155497991791E-002  -2634.5037605575603     
   2.0409050146065560E-002  -2533.2618148934494     
   2.1137944794139329E-002  -2438.8728616048393     
   2.1866839442213098E-002  -2351.1396658826075     
   2.2595734090286868E-002  -2268.9455050619099     
   2.3324628738360637E-002  -2191.9250435074409     
   2.4053523386434406E-002  -2119.6065466171749     
   2.4782418034508175E-002  -2051.5750331198433     
   2.5511312682581944E-002  -1987.4658054740003     
   2.6240207330655713E-002  -1926.9521445702260     
   2.6969101978729482E-002  -1869.7345182296519     
   2.7697996626803251E-002  -1815.5610602347735     
   2.8426891274877020E-002  -1764.1921668781522     
   2.9155785922950789E-002  -1715.4237412565947     
   3.0613575219098330E-002  -1624.9261504294523     
   3.2071364515245872E-002  -1542.7562868263117     
   3.3529153811393410E-002  -1467.8244019492356     
   3.4986943107540948E-002  -1399.2204618406722     
   3.6444732403688486E-002  -1336.1866231384806     
   3.7902521699836024E-002  -1278.0776676759053     
   3.9360310995983562E-002  -1224.3452221585649     
   4.0818100292131100E-002  -1174.5176379666214     
   4.2275889588278638E-002  -1128.1890358504550     
   4.3733678884426176E-002  -1085.0086058771615     
   4.5191468180573714E-002  -1044.6677594165446     
   4.6649257476721252E-002  -1006.9063740458813     
   4.8107046772868790E-002  -971.47983715653913     
   4.9564836069016328E-002  -938.18684927591266     
   5.1022625365163866E-002  -906.80992097886838     
   5.2480414661311404E-002  -877.27922469867326     
   5.3938203957458943E-002  -849.35653851057157     
   5.5395993253606481E-002  -822.94316453258079     
   5.6853782549754019E-002  -797.92231525314469     
   5.8311571845901557E-002  -774.18625758605208     
   5.9769361142049095E-002  -751.64380852685849     
   6.1227150438196633E-002  -730.20266457074297     
   6.2684939734344178E-002  -709.79950396667402     
   6.4142729030491716E-002  -690.35058311046998     
   6.5600518326639254E-002  -671.79760549264711     
   6.7058307622786792E-002  -654.06666812719993     
   6.8516096918934330E-002  -637.14183752551003     
   6.9973886215081868E-002  -620.93594437092031     
   7.1431675511229406E-002  -605.42035594925471     
   7.2889464807376944E-002  -590.54333681889057     
   7.4347254103524482E-002  -576.28080303470779     
   7.5805043399672020E-002  -562.58805870705021     
   7.7262832695819558E-002  -549.43479823965629     
   7.8720621991967096E-002  -536.78982177101864     
   8.0178411288114634E-002  -524.62856233618925     
   8.1636200584262172E-002  -512.91839153319768     
   8.3093989880409710E-002  -501.64171123955123     
   8.4551779176557249E-002  -490.77280882926033     
   8.6009568472704787E-002  -480.29046183558944     
   8.7467357768852325E-002  -470.17562788216043     
   9.0382936361147401E-002  -450.97535743310692     
   9.3298514953442477E-002  -433.04100389497802     
   9.6214093545737553E-002  -416.25234242146752     
   9.9129672138032629E-002  -400.50830443847224     
  0.10204525073032771       -385.71692640733568     
  0.10496082932262278       -371.79763713831960     
  0.10787640791491786       -358.67480208699533     
  0.11079198650721293       -346.29080382512819     
  0.11370756509950801       -334.61152885416459     
  0.11662314369180309       -323.55277602140478     
  0.11953872228409816       -312.98820165214227     
  0.12245430087639324       -303.01727158806335     
  0.12536987946868833       -293.54482616667974     
  0.12828545806098340       -284.53692222579429     
  0.13120103665327848       -275.95511761883381     
  0.13411661524557356       -267.78370737061493     
  0.13703219383786863       -259.98373219836355     
  0.13994777243016371       -252.53634652123324     
  0.14286335102245878       -245.41912686765005     
  0.14577892961475386       -238.61334459334589     
  0.14869450820704894       -232.09942320940178     
  0.15161008679934401       -225.84712437409294     
  0.15452566539163909       -219.87686899596000     
  0.15744124398393416       -214.14322754569494     
  0.16035682257622924       -208.63033272134183     
  0.16327240116852432       -203.33983242284813     
  0.16618797976081939       -198.25382518872635     
  0.16910355835311447       -193.36245252419243     
  0.17201913694540955       -188.65638640184798     
  0.17493471553770462       -184.13180111547146     
  0.17785029412999970       -179.75878841157245     
  0.18076587272229477       -175.55017377424878     
  0.18368145131458985       -171.49146475082304     
  0.18659702990688493       -167.57514328140428     
  0.18951260849918000       -163.79451670179063     
  0.19242818709147508       -160.13989423420190     
  0.19534376568377015       -156.60932302637187     
  0.19825934427606523       -153.20070570425978     
  0.20117492286836031       -149.88771004784078     
  0.20409050146065538       -146.71021865859964     
  0.20992165864524553       -140.62636215761259     
  0.21575281582983569       -134.91456526604262     
  0.22158397301442584       -129.54913904971858     
  0.22741513019901599       -124.49223113183119     
  0.23324628738360614       -119.72583093114399     
  0.23907744456819630       -115.22645151341730     
  0.24490860175278645       -110.97226333915940     
  0.25073975893737660       -106.94474523919754     
  0.25657091612196675       -103.11970634057249     
  0.26240207330655690       -99.506729809401676     
  0.26823323049114706       -96.067265260470251     
  0.27406438767573721       -92.796096184856495     
  0.27989554486032736       -89.684464591100379     
  0.28572670204491751       -86.723055314643247     
  0.29155785922950767       -83.962114217975454     
  0.29738901641409782       -81.209718606432531     
  0.30322017359868797       -78.620992454383000     
  0.30905133078327812       -76.159917121306080     
  0.31488248796786827       -73.807140159589935     
  0.32071364515245843       -71.553818510146215     
  0.32654480233704858       -69.397849898328303     
  0.33237595952163873       -67.326722284883218     
  0.33820711670622888       -65.385286507567457     
  0.34403827389081904       -63.485891164229159     
  0.34986943107540919       -61.627071016706992     
  0.35570058825999934       -59.885328204759119     
  0.36153174544458949       -58.193024681286502     
  0.36736290262917964       -56.575200557854508     
  0.37319405981376980       -55.019371803570259     
  0.37902521699835995       -53.521831929267996     
  0.38485637418295010       -52.080810894513640     
  0.39068753136754025       -50.690539044625496     
  0.39651868855213040       -49.351405647375358     
  0.40234984573672056       -48.060093161574983     
  0.40818100292131071       -46.813926063933870     
  0.41401216010590086       -45.611653569532749     
  0.41984331729049101       -44.450097946969677     
  0.42567447447508117       -43.327778252254653     
  0.43150563165967132       -42.243147905954423     
  0.43733678884426147       -41.193807238341606     
  0.44899910321344177       -39.197248470750807     
  0.46066141758262208       -37.328957494207351     
  0.47232373195180238       -35.569870458106280     
  0.48398604632098269       -33.919479377341865     
  0.49564836069016299       -32.365585178974385     
  0.50731067505934335       -30.860510017126270     
  0.51897298942852366       -29.525175531584004     
  0.53063530379770396       -28.224662327901648     
  0.54229761816688427       -26.995776382706794     
  0.55395993253606457       -25.836452464394462     
  0.56562224690524487       -24.738962588818676     
  0.57728456127442518       -23.701906581090501     
  0.58894687564360548       -22.720825970464791     
  0.60060919001278579       -21.760479420485783     
  0.61227150438196609       -20.819360821402270     
  0.62393381875114640       -20.076579147176275     
  0.63559613312032670       -19.287405521581164     
  0.64725844748950701       -18.537994386279060     
  0.65892076185868731       -17.825131994584076     
  0.67058307622786761       -17.159260280635202     
  0.68224539059704792       -16.521047588701052     
  0.69390770496622822       -15.920939500200170     
  0.70557001933540853       -15.351275171055399     
  0.71723233370458883       -14.813600727388540     
  0.72889464807376914       -14.317673632108823     
  0.74055696244294944       -13.844583127022760     
  0.75221927681212974       -13.450296023298927     
  0.76388159118131005       -12.993421005740569     
  0.77554390555049035       -12.562795951368562     
  0.78720621991967066       -12.141616741045167     
  0.79886853428885096       -11.734085836803519     
  0.81053084865803127       -11.343347333810794     
  0.82219316302721157       -10.960700670951693     
  0.83385547739639188       -10.595332165617675     
  0.84551779176557218       -10.244901652344208     
  0.85718010613475248       -9.9068567945200492     
  0.86884242050393279       -9.5828192691684997     
  0.88050473487311309       -9.2715259653577498     
  0.89216704924229340       -8.9724571401980349     
  0.90382936361147370       -8.6873221986092073     
  0.92715399234983431       -8.1439680090325801     
  0.95047862108819492       -7.6451415562846723     
  0.97380324982655553       -7.2350222533329562     
  0.99712787856491614       -6.7568888603046364     
   1.0204525073032769       -6.3658297496679843     
   1.0437771360416375       -5.9961595312174989     
   1.0671017647799981       -5.6581869536989791     
   1.0904263935183587       -5.3439723319387662     
   1.1137510222567193       -5.0552993014075156     
   1.1370756509950799       -4.7780463904326931     
   1.1604002797334405       -4.5343086690330683     
   1.1837249084718011       -4.2951754979379633     
   1.2070495372101617       -4.0755526301989455     
   1.2303741659485223       -3.8712563003463636     
   1.2536987946868829       -3.6811979192765567     
   1.2770234234252436       -3.5031595225797676     
   1.3003480521636042       -3.3370756726187283     
   1.3236726809019648       -3.1814974967055538     
   1.3469973096403254       -3.0357327997554431     
   1.3703219383786860       -2.8994091016871999     
   1.3936465671170466       -2.7714379718708395     
   1.4169711958554072       -2.6511000840139642     
   1.4402958245937678       -2.5383225179881097     
   1.4636204533321284       -2.4325129284840776     
   1.4869450820704890       -2.3327315441152670     
   1.5102697108088496       -2.2406930465158301     
   1.5335943395472103       -2.1508327409348280     
   1.5569189682855709       -2.0679798910441245     
   1.5802435970239315       -1.9891934681359136     
   1.6035682257622921       -1.9039779866827251     
   1.6268928545006527       -1.8452778349452386     
   1.6502174832390133       -1.7788119118992007     
   1.6735421119773739       -1.7163516756035229     
   1.6968667407157345       -1.6580074376103391     
   1.7201913694540951       -1.6024336850890966     
   1.7435159981924557       -1.5493773454646387     
   1.7668406269308163       -1.4995457030670356     
   1.7901652556691769       -1.4549046126088385     
   1.8134898844075376       -1.4070379050817525     
   1.8368145131458982       -1.3643079232153630     
   1.8834637706226194       -1.2857187732998210     
   1.9301130280993406       -1.1986431593178755     
   1.9767622855760618       -1.1508547699850644     
   2.0234115430527830       -1.0931527443667579     
   2.0700608005295043       -1.0410575552221613     
   2.1167100580062255      -0.99388559965240098     
   2.1633593154829467      -0.95135571636676408     
   2.2100085729596679      -0.91302283391808570     
   2.2566578304363891      -0.87835208436548906     
   2.3033070879131103      -0.84731157857945150     
   2.3499563453898316      -0.81939702315393514     
   2.3966056028665528      -0.79448489843937276     
 atom Ni   dist =  11.53441  coord =    0.00000   0.00000 -11.53441
   7.2889464807377011E-004  -76618.800113048812     
   1.4577892961475402E-003  -38203.438623878050     
   2.1866839442213105E-003  -25397.861881755874     
   2.9155785922950804E-003  -18994.876098442539     
   3.6444732403688503E-003  -15152.902507916719     
   4.3733678884426202E-003  -12591.564735399532     
   5.1022625365163901E-003  -10761.983334744604     
   5.8311571845901600E-003  -9389.7831262818072     
   6.5600518326639299E-003  -8322.5218494605906     
   7.2889464807376998E-003  -7468.7358772127936     
   8.0178411288114697E-003  -6770.2014460010214     
   8.7467357768852404E-003  -6188.1065562778585     
   9.4756304249590112E-003  -5695.6560032331863     
   1.0204525073032782E-002  -5273.5503291412915     
   1.0933419721106553E-002  -4907.7786959006207     
   1.1662314369180323E-002  -4587.8467388399258     
   1.2391209017254094E-002  -4305.4683971785007     
   1.3120103665327865E-002  -4054.5520768934030     
   1.3848998313401636E-002  -3830.2783826879518     
   1.4577892961475407E-002  -3628.1890746993886     
   1.5306787609549177E-002  -3445.5204559717540     
   1.6035682257622946E-002  -3279.5051456217757     
   1.6764576905696715E-002  -3127.9523982548917     
   1.7493471553770484E-002  -2989.1043285451110     
   1.8222366201844253E-002  -2861.3959313210939     
   1.8951260849918022E-002  -2743.5539824778066     
   1.9680155497991791E-002  -2634.4792337312374     
   2.0409050146065560E-002  -2533.2372876310569     
   2.1137944794139329E-002  -2438.8483334234020     
   2.1866839442213098E-002  -2351.1151376458647     
   2.2595734090286868E-002  -2268.9209763413764     
   2.3324628738360637E-002  -2191.9005143119994     
   2.4053523386434406E-002  -2119.5820169390759     
   2.4782418034508175E-002  -2051.5505029694191     
   2.5511312682581944E-002  -1987.4412748431198     
   2.6240207330655713E-002  -1926.9276133574306     
   2.6969101978729482E-002  -1869.7099866329743     
   2.7697996626803251E-002  -1815.5365281615041     
   2.8426891274877020E-002  -1764.1676343214594     
   2.9155785922950789E-002  -1715.3992082107507     
   3.0613575219098330E-002  -1624.9016164054856     
   3.2071364515245872E-002  -1542.7317517941297     
   3.3529153811393410E-002  -1467.7998658953477     
   3.4986943107540948E-002  -1399.1959247349980     
   3.6444732403688486E-002  -1336.1620849490894     
   3.7902521699836024E-002  -1278.0531283888427     
   3.9360310995983562E-002  -1224.3206817408097     
   4.0818100292131100E-002  -1174.4930963847407     
   4.2275889588278638E-002  -1128.1644930728571     
   4.3733678884426176E-002  -1084.9840618661335     
   4.5191468180573714E-002  -1044.6432141535563     
   4.6649257476721252E-002  -1006.8818274810860     
   4.8107046772868790E-002  -971.45528927862586     
   4.9564836069016328E-002  -938.16230000856626     
   5.1022625365163866E-002  -906.78536977684041     
   5.2480414661311404E-002  -877.25467260438256     
   5.3938203957458943E-002  -849.33198495055558     
   5.5395993253606481E-002  -822.91860945133192     
   5.6853782549754019E-002  -797.89775868207994     
   5.8311571845901557E-002  -774.16169941182363     
   5.9769361142049095E-002  -751.61924874962051     
   6.1227150438196633E-002  -730.17810318066472     
   6.2684939734344178E-002  -709.77494093719974     
   6.4142729030491716E-002  -690.32601857423492     
   6.5600518326639254E-002  -671.77303903846337     
   6.7058307622786792E-002  -654.04210004841582     
   6.8516096918934330E-002  -637.11726721232628     
   6.9973886215081868E-002  -620.91137264294514     
   7.1431675511229406E-002  -605.39578223558044     
   7.2889464807376944E-002  -590.51876140372201     
   7.4347254103524482E-002  -576.25622586908992     
   7.5805043399672020E-002  -562.56347970677609     
   7.7262832695819558E-002  -549.41021745203113     
   7.8720621991967096E-002  -536.76523908013144     
   8.0178411288114634E-002  -524.60397783414464     
   8.1636200584262172E-002  -512.89380563557506     
   8.3093989880409710E-002  -501.61712301516889     
   8.4551779176557249E-002  -490.74821868450806     
   8.6009568472704787E-002  -480.26586978485597     
   8.7467357768852325E-002  -470.15103386925904     
   9.0382936361147401E-002  -450.95075967902159     
   9.3298514953442477E-002  -433.01640197168098     
   9.6214093545737553E-002  -416.22773648361721     
   9.9129672138032629E-002  -400.48369434537830     
  0.10204525073032771       -385.69231216001822     
  0.10496082932262278       -371.77301787883073     
  0.10787640791491786       -358.65017917866265     
  0.11079198650721293       -346.26617740056651     
  0.11370756509950801       -334.58690214197867     
  0.11662314369180309       -323.52814092468645     
  0.11953872228409816       -312.96356030640322     
  0.12245430087639324       -302.99262535908235     
  0.12536987946868833       -293.52017494403248     
  0.12828545806098340       -284.51226585182849     
  0.13120103665327848       -275.93045625149460     
  0.13411661524557356       -267.75904056059272     
  0.13703219383786863       -259.95906001023974     
  0.13994777243016371       -252.51166838884728     
  0.14286335102245878       -245.39444320205291     
  0.14577892961475386       -238.58865491833365     
  0.14869450820704894       -232.07472820551524     
  0.15161008679934401       -225.82242087711506     
  0.15452566539163909       -219.85216199578846     
  0.15744124398393416       -214.11851352790802     
  0.16035682257622924       -208.60561233723399     
  0.16327240116852432       -203.31510496776181     
  0.16618797976081939       -198.22909128387408     
  0.16910355835311447       -193.33771183671249     
  0.17201913694540955       -188.63163871577902     
  0.17493471553770462       -184.10704521612348     
  0.17785029412999970       -179.73402612801567     
  0.18076587272229477       -175.52540415455110     
  0.18368145131458985       -171.46668732268608     
  0.18659702990688493       -167.55035797318263     
  0.18951260849918000       -163.76972382896335     
  0.19242818709147508       -160.11509214841212     
  0.19534376568377015       -156.58451423000830     
  0.19825934427606523       -153.17588813187317     
  0.20117492286836031       -149.86288261967766     
  0.20409050146065538       -146.68538378505758     
  0.20992165864524553       -140.60150920451986     
  0.21575281582983569       -134.88969440142932     
  0.22158397301442584       -129.52424941626708     
  0.22741513019901599       -124.46732166575467     
  0.23324628738360614       -119.70090095441377     
  0.23907744456819630       -115.20150080147735     
  0.24490860175278645       -110.94729105594369     
  0.25073975893737660       -106.91975071423693     
  0.25657091612196675       -103.09469041953025     
  0.26240207330655690       -99.481688819989728     
  0.26823323049114706       -96.042200318029060     
  0.27406438767573721       -92.771006396106017     
  0.27989554486032736       -89.659349512015837     
  0.28572670204491751       -86.697906293199296     
  0.29155785922950767       -83.936947274891082     
  0.29738901641409782       -81.175525688181153     
  0.30322017359868797       -78.595767940252870     
  0.30905133078327812       -76.134663924603558     
  0.31488248796786827       -73.781861252655901     
  0.32071364515245843       -71.528510166486114     
  0.32654480233704858       -69.372510668174328     
  0.33237595952163873       -67.301340703509936     
  0.33820711670622888       -65.359859873449508     
  0.34403827389081904       -63.460465243349532     
  0.34986943107540919       -61.601611256925693     
  0.35570058825999934       -59.859839594288992     
  0.36153174544458949       -58.167500065517615     
  0.36736290262917964       -56.549645817433287     
  0.37319405981376980       -54.993781564920596     
  0.37902521699835995       -53.496208789045404     
  0.38485637418295010       -52.055155782144617     
  0.39068753136754025       -50.664858044609190     
  0.39651868855213040       -49.325691435377379     
  0.40234984573672056       -48.034349663674320     
  0.40818100292131071       -46.788201974880543     
  0.41401216010590086       -45.585839511647784     
  0.41984331729049101       -44.424242890309898     
  0.42567447447508117       -43.301901846496961     
  0.43150563165967132       -42.217236656106991     
  0.43733678884426147       -41.195714970245298     
  0.44899910321344177       -39.171235205635227     
  0.46066141758262208       -37.307404294257545     
  0.47232373195180238       -35.543716072555434     
  0.48398604632098269       -33.893255906936012     
  0.49564836069016299       -32.339280350138061     
  0.50731067505934335       -30.834138791877962     
  0.51897298942852366       -29.498717765582857     
  0.53063530379770396       -28.198135891203528     
  0.54229761816688427       -26.969175908590852     
  0.55395993253606457       -25.809183915612014     
  0.56562224690524487       -24.712176663801621     
  0.57728456127442518       -23.675033778964384     
  0.58894687564360548       -22.693890165091293     
  0.60060919001278579       -21.733977670305567     
  0.61227150438196609       -20.792236061433400     
  0.62393381875114640       -20.049308395830884     
  0.63559613312032670       -19.260117528016661     
  0.64725844748950701       -18.510544201483626     
  0.65892076185868731       -17.797668063653965     
  0.67058307622786761       -17.129597862838594     
  0.68224539059704792       -16.492635939470880     
  0.69390770496622822       -15.891108423613563     
  0.70557001933540853       -15.323501721123160     
  0.71723233370458883       -14.785711761585221     
  0.72889464807376914       -14.289615599287357     
  0.74055696244294944       -13.816736530714312     
  0.75221927681212974       -13.398268923514221     
  0.76388159118131005       -12.964919747333212     
  0.77554390555049035       -12.532670178033957     
  0.78720621991967066       -12.112552576825074     
  0.79886853428885096       -11.704766873000846     
  0.81053084865803127       -11.310523609684083     
  0.82219316302721157       -10.930996804831517     
  0.83385547739639188       -10.565464576679265     
  0.84551779176557218       -10.214890597698361     
  0.85718010613475248       -9.8772043221563290     
  0.86884242050393279       -9.5523831851654641     
  0.88050473487311309       -9.2404548826182058     
  0.89216704924229340       -8.9416494495838101     
  0.90382936361147370       -8.6544889974297714     
  0.92715399234983431       -8.1127191749335612     
  0.95047862108819492       -7.6150740514593549     
  0.97380324982655553       -7.2023489222374319     
  0.99712787856491614       -6.7242810246587954     
   1.0204525073032769       -6.3291632968337215     
   1.0437771360416375       -5.9626739683725702     
   1.0671017647799981       -5.6256094836837995     
   1.0904263935183587       -5.3098218928839103     
   1.1137510222567193       -5.0173272517808352     
   1.1370756509950799       -4.7456485104628641     
   1.1604002797334405       -4.4929331589358252     
   1.1837249084718011       -4.2575960759234937     
   1.2070495372101617       -4.0389831160854612     
   1.2303741659485223       -3.8247390565274806     
   1.2536987946868829       -3.6426000961284499     
   1.2770234234252436       -3.4641863741153331     
   1.3003480521636042       -3.2973928766918785     
   1.3236726809019648       -3.1412558814777851     
   1.3469973096403254       -2.9948877193519734     
   1.3703219383786860       -2.8562067669843758     
   1.3936465671170466       -2.7290053785512844     
   1.4169711958554072       -2.6079106683860958     
   1.4402958245937678       -2.4945440332372990     
   1.4636204533321284       -2.3878753224379903     
   1.4869450820704890       -2.2878201787815984     
   1.5102697108088496       -2.1927662586469006     
   1.5335943395472103       -2.1039041251771256     
   1.5569189682855709       -2.0202680465577476     
   1.5802435970239315       -1.9402198931625660     
   1.6035682257622921       -1.8652560949563088     
   1.6268928545006527       -1.7982481646114858     
   1.6502174832390133       -1.7270455470402268     
   1.6735421119773739       -1.6579840043200278     
   1.6968667407157345       -1.6043103227531355     
   1.7201913694540951       -1.5471174976176540     
   1.7435159981924557       -1.4935581444297432     
   1.7668406269308163       -1.4426866760743109     
   1.7901652556691769       -1.3940771195428905     
   1.8134898844075376       -1.3480303917292804     
   1.8368145131458982       -1.3043322953999739     
   1.8834637706226194       -1.2232764441929402     
   1.9301130280993406       -1.1496584486252135     
   1.9767622855760618       -1.0835114368481888     
   2.0234115430527830       -1.0231365176651188     
   2.0700608005295043      -0.96847041290158520     
   2.1167100580062255      -0.91895564113679984     
   2.1633593154829467      -0.87380429269118609     
   2.2100085729596679      -0.83144061421695259     
   2.2566578304363891      -0.79376903272756205     
   2.3033070879131103      -0.75938108013257977     
   2.3499563453898316      -0.72797889523083170     
   2.3966056028665528      -0.69892685843231239     
   2.4432548603432740      -0.67380320071936561     
   2.4899041178199952      -0.65045359331756125     
   2.5365533752967164      -0.62931219373727409     
   2.5832026327734376      -0.61063067441687147     
