 nedhlp=    0 irho=    2 imvhl=    1
  eftr =  -0.170701 gamma =  0.030000
   14    5    1    0   20    9    0   13   14

  number of centers=   14

                              atom   no.            position              radius     eq
                            1  Ni      28    0.0000    0.0000    0.0000    2.3141     0
                            2  Ni      28    0.0000    4.7089    0.0000    2.4496     0
                            3  Ni      28    1.3593    2.3545   -3.8448    2.3948     0
                            4  Ni      28   -1.3593    2.3545   -7.6896    2.2637     0
                            5  Ni      28    0.0000    0.0000  -11.5344    2.4452     0
                            6  Ni      28    0.0000   -4.7089    0.0000    2.4496     2
                            7  Ni      28   -4.0780    2.3545    0.0000    2.4496     2
                            8  Ni      28   -4.0780   -2.3545    0.0000    2.4496     2
                            9  Ni      28    4.0780    2.3545    0.0000    2.4496     2
                           10  Ni      28    4.0780   -2.3545    0.0000    2.4496     2
                           11  Ni      28    1.3593   -2.3545   -3.8448    2.3948     3
                           12  Ni      28   -2.7187    0.0000   -3.8448    2.3948     3
                           13  Ni      28   -1.3593   -2.3545   -7.6896    2.2637     4
                           14  Ni      28    2.7187    0.0000   -7.6896    2.2637     4

 spheres    1    2  overlap      4.763698    4.708903    0.054796
 spheres    1    6  overlap      4.763698    4.708903    0.054796
 spheres    1    7  overlap      4.763698    4.708902    0.054796
 spheres    1    8  overlap      4.763698    4.708902    0.054796
 spheres    1    9  overlap      4.763698    4.708902    0.054796
 spheres    1   10  overlap      4.763698    4.708902    0.054796
 spheres    2    3  overlap      4.844365    4.708902    0.135463
 spheres    2    7  overlap      4.899161    4.708902    0.190259
 spheres    2    9  overlap      4.899161    4.708902    0.190259
 spheres    3    9  overlap      4.844365    4.708903    0.135462
 spheres    3   11  overlap      4.789569    4.708903    0.080666
 spheres    3   12  overlap      4.789569    4.708902    0.080666
 spheres    6    8  overlap      4.899161    4.708902    0.190259
 spheres    6   10  overlap      4.899161    4.708902    0.190259
 spheres    6   11  overlap      4.844365    4.708902    0.135463
 spheres    7    8  overlap      4.899161    4.708903    0.190258
 spheres    7   12  overlap      4.844365    4.708902    0.135463
 spheres    8   12  overlap      4.844365    4.708902    0.135463
 spheres    9   10  overlap      4.899161    4.708903    0.190258
 spheres   10   11  overlap      4.844365    4.708903    0.135462
 spheres   11   12  overlap      4.789569    4.708902    0.080666
       constant potential=( -6.896822E-02 ,   0.000000E+00)
       interstitial charge=  3.552055E-03



       1   h=    0.0007   change points:  40  80 120 160 200 240 400 400 400 400   kplace= 250   exchange=0.000000

                           r           real(v)          rho             r           real(v)          rho
                  1  0.7288946E-03 -0.7657372E+05  0.1146490E+00  0.1457789E-02 -0.3815950E+05  0.4275630E+00
                  3  0.2186684E-02 -0.2535490E+05  0.9078753E+00  0.2915579E-02 -0.1895276E+05  0.1530762E+01
                  5  0.3644473E-02 -0.1511162E+05  0.2274662E+01  0.4373368E-02 -0.1255102E+05  0.3120482E+01
                  7  0.5102263E-02 -0.1072216E+05  0.4051131E+01  0.5831157E-02 -0.9350665E+04  0.5051269E+01
                  9  0.6560052E-02 -0.8284084E+04  0.6107221E+01  0.7288946E-02 -0.7430957E+04  0.7206533E+01
                 11  0.8017841E-02 -0.6733073E+04  0.8338150E+01  0.8746736E-02 -0.6151631E+04  0.9492074E+01
                 13  0.9475630E-02 -0.5659761E+04  0.1065940E+02  0.1020453E-01 -0.5238278E+04  0.1183230E+02
                 15  0.1093342E-01 -0.4873103E+04  0.1300350E+02  0.1166231E-01 -0.4553685E+04  0.1416672E+02
                 17  0.1239121E-01 -0.4271948E+04  0.1531671E+02  0.1312010E-01 -0.4021617E+04  0.1644831E+02
                 19  0.1384900E-01 -0.3797731E+04  0.1755729E+02  0.1457789E-01 -0.3596328E+04  0.1863996E+02
                 21  0.1530679E-01 -0.3414193E+04  0.1969315E+02  0.1603568E-01 -0.3248702E+04  0.2071413E+02
                 23  0.1676458E-01 -0.3097683E+04  0.2170060E+02  0.1749347E-01 -0.2959328E+04  0.2265066E+02
                 25  0.1822237E-01 -0.2832116E+04  0.2356284E+02  0.1895126E-01 -0.2714764E+04  0.2443595E+02
                 27  0.1968016E-01 -0.2606172E+04  0.2526894E+02  0.2040905E-01 -0.2505405E+04  0.2606117E+02
                 29  0.2113794E-01 -0.2411650E+04  0.2681232E+02  0.2186684E-01 -0.2324209E+04  0.2752211E+02
                 31  0.2259573E-01 -0.2242467E+04  0.2819059E+02  0.2332463E-01 -0.2165892E+04  0.2881799E+02
                 33  0.2405352E-01 -0.2094011E+04  0.2940441E+02  0.2478242E-01 -0.2026412E+04  0.2995076E+02
                 35  0.2551131E-01 -0.1962725E+04  0.3045707E+02  0.2624021E-01 -0.1902626E+04  0.3092450E+02
                 37  0.2696910E-01 -0.1845820E+04  0.3135376E+02  0.2769800E-01 -0.1792051E+04  0.3174547E+02
                 39  0.2842689E-01 -0.1741080E+04  0.3210117E+02  0.2915579E-01 -0.1692700E+04  0.3242104E+02
                 41  0.3061358E-01 -0.1602965E+04  0.3295956E+02  0.3207136E-01 -0.1521531E+04  0.3337017E+02
                 43  0.3352915E-01 -0.1447310E+04  0.3366253E+02  0.3498694E-01 -0.1379397E+04  0.3384619E+02
                 45  0.3644473E-01 -0.1317029E+04  0.3393011E+02  0.3790252E-01 -0.1259563E+04  0.3392490E+02
                 47  0.3936031E-01 -0.1206450E+04  0.3384061E+02  0.4081810E-01 -0.1157221E+04  0.3368734E+02
                 49  0.4227589E-01 -0.1111469E+04  0.3347080E+02  0.4373368E-01 -0.1068845E+04  0.3320180E+02
                 51  0.4519147E-01 -0.1029042E+04  0.3289010E+02  0.4664926E-01 -0.9917936E+03  0.3253958E+02
                 53  0.4810705E-01 -0.9568638E+03  0.3215974E+02  0.4956484E-01 -0.9240462E+03  0.3175866E+02
                 55  0.5102263E-01 -0.8931572E+03  0.3133818E+02  0.5248041E-01 -0.8640340E+03  0.3090936E+02
                 57  0.5393820E-01 -0.8365315E+03  0.3047229E+02  0.5539599E-01 -0.8105198E+03  0.3003588E+02
                 59  0.5685378E-01 -0.7858826E+03  0.2960171E+02  0.5831157E-01 -0.7625152E+03  0.2917538E+02
                 61  0.5976936E-01 -0.7403233E+03  0.2875900E+02  0.6122715E-01 -0.7192215E+03  0.2835686E+02
                 63  0.6268494E-01 -0.6991326E+03  0.2797012E+02  0.6414273E-01 -0.6799864E+03  0.2760300E+02
                 65  0.6560052E-01 -0.6617191E+03  0.2725495E+02  0.6705831E-01 -0.6442723E+03  0.2693040E+02
                 67  0.6851610E-01 -0.6275929E+03  0.2662799E+02  0.6997389E-01 -0.6116320E+03  0.2635085E+02
                 69  0.7143168E-01 -0.5963451E+03  0.2609883E+02  0.7288946E-01 -0.5816908E+03  0.2587260E+02
                 71  0.7434725E-01 -0.5676316E+03  0.2567273E+02  0.7580504E-01 -0.5541325E+03  0.2549942E+02
                 73  0.7726283E-01 -0.5411613E+03  0.2535212E+02  0.7872062E-01 -0.5286882E+03  0.2523150E+02
                 75  0.8017841E-01 -0.5166857E+03  0.2513679E+02  0.8163620E-01 -0.5051282E+03  0.2506675E+02
                 77  0.8309399E-01 -0.4939919E+03  0.2502304E+02  0.8455178E-01 -0.4832547E+03  0.2500289E+02
                 79  0.8600957E-01 -0.4728962E+03  0.2500520E+02  0.8746736E-01 -0.4628970E+03  0.2503257E+02
                 81  0.9038294E-01 -0.4439066E+03  0.2514790E+02  0.9329851E-01 -0.4261538E+03  0.2534586E+02
                 83  0.9621409E-01 -0.4095249E+03  0.2561299E+02  0.9912967E-01 -0.3939199E+03  0.2594277E+02
                 85  0.1020453E+00 -0.3792502E+03  0.2632809E+02  0.1049608E+00 -0.3654372E+03  0.2675471E+02
                 87  0.1078764E+00 -0.3524112E+03  0.2722269E+02  0.1107920E+00 -0.3401094E+03  0.2771292E+02
                 89  0.1137076E+00 -0.3284759E+03  0.2822985E+02  0.1166231E+00 -0.3174602E+03  0.2875331E+02
                 91  0.1195387E+00 -0.3070170E+03  0.2928810E+02  0.1224543E+00 -0.2971050E+03  0.2981604E+02
                 93  0.1253699E+00 -0.2876872E+03  0.3034342E+02  0.1282855E+00 -0.2787294E+03  0.3085306E+02
                 95  0.1312010E+00 -0.2702010E+03  0.3135022E+02  0.1341166E+00 -0.2620737E+03  0.3182252E+02
                 97  0.1370322E+00 -0.2543216E+03  0.3227170E+02  0.1399478E+00 -0.2469212E+03  0.3269175E+02
                 99  0.1428634E+00 -0.2398505E+03  0.3307984E+02  0.1457789E+00 -0.2330898E+03  0.3343632E+02
                101  0.1486945E+00 -0.2266203E+03  0.3375588E+02  0.1516101E+00 -0.2204253E+03  0.3403969E+02
                103  0.1545257E+00 -0.2144885E+03  0.3428562E+02  0.1574412E+00 -0.2087958E+03  0.3449290E+02
                105  0.1603568E+00 -0.2033331E+03  0.3466124E+02  0.1632724E+00 -0.1980882E+03  0.3479142E+02
                107  0.1661880E+00 -0.1930490E+03  0.3488249E+02  0.1691036E+00 -0.1882048E+03  0.3493482E+02
                109  0.1720191E+00 -0.1835450E+03  0.3495129E+02  0.1749347E+00 -0.1790605E+03  0.3492988E+02
                111  0.1778503E+00 -0.1747419E+03  0.3487223E+02  0.1807659E+00 -0.1705813E+03  0.3478261E+02
                113  0.1836815E+00 -0.1665704E+03  0.3465854E+02  0.1865970E+00 -0.1627022E+03  0.3450113E+02
                115  0.1895126E+00 -0.1589694E+03  0.3431679E+02  0.1924282E+00 -0.1553659E+03  0.3410428E+02
                117  0.1953438E+00 -0.1518852E+03  0.3385994E+02  0.1982593E+00 -0.1485220E+03  0.3359444E+02
                119  0.2011749E+00 -0.1452703E+03  0.3330779E+02  0.2040905E+00 -0.1421256E+03  0.3299354E+02
                121  0.2099217E+00 -0.1361370E+03  0.3231421E+02  0.2157528E+00 -0.1305205E+03  0.3156555E+02
                123  0.2215840E+00 -0.1252446E+03  0.3077017E+02  0.2274151E+00 -0.1202808E+03  0.2992879E+02
                125  0.2332463E+00 -0.1156035E+03  0.2906781E+02  0.2390774E+00 -0.1111899E+03  0.2818391E+02
                127  0.2449086E+00 -0.1070192E+03  0.2730210E+02  0.2507398E+00 -0.1030727E+03  0.2641898E+02
                129  0.2565709E+00 -0.9933347E+02  0.2555397E+02  0.2624021E+00 -0.9578634E+02  0.2470703E+02
                131  0.2682332E+00 -0.9241722E+02  0.2388888E+02  0.2740644E+00 -0.8921368E+02  0.2310509E+02
                133  0.2798955E+00 -0.8616398E+02  0.2235674E+02  0.2857267E+00 -0.8325792E+02  0.2165356E+02
                135  0.2915579E+00 -0.8048563E+02  0.2099249E+02  0.2973890E+00 -0.7783870E+02  0.2038014E+02
                137  0.3032202E+00 -0.7530876E+02  0.1981707E+02  0.3090513E+00 -0.7288888E+02  0.1930344E+02
                139  0.3148825E+00 -0.7057191E+02  0.1883978E+02  0.3207136E+00 -0.6835209E+02  0.1842810E+02
                141  0.3265448E+00 -0.6622331E+02  0.1806491E+02  0.3323760E+00 -0.6418077E+02  0.1774894E+02
                143  0.3382071E+00 -0.6221917E+02  0.1748505E+02  0.3440383E+00 -0.6033453E+02  0.1726376E+02
                145  0.3498694E+00 -0.5852222E+02  0.1708438E+02  0.3557006E+00 -0.5677892E+02  0.1695419E+02
                147  0.3615317E+00 -0.5510056E+02  0.1685899E+02  0.3673629E+00 -0.5348439E+02  0.1679863E+02
                149  0.3731941E+00 -0.5192678E+02  0.1678163E+02  0.3790252E+00 -0.5042545E+02  0.1679262E+02
                151  0.3848564E+00 -0.4897715E+02  0.1683042E+02  0.3906875E+00 -0.4758001E+02  0.1690266E+02
                153  0.3965187E+00 -0.4623106E+02  0.1699842E+02  0.4023498E+00 -0.4492878E+02  0.1711273E+02
                155  0.4081810E+00 -0.4367047E+02  0.1724916E+02  0.4140122E+00 -0.4245488E+02  0.1740851E+02
                157  0.4198433E+00 -0.4127953E+02  0.1757854E+02  0.4256745E+00 -0.4014341E+02  0.1775924E+02
                159  0.4315056E+00 -0.3904423E+02  0.1795810E+02  0.4373368E+00 -0.3798118E+02  0.1816488E+02
                161  0.4489991E+00 -0.3595644E+02  0.1858956E+02  0.4606614E+00 -0.3405866E+02  0.1904024E+02
                163  0.4723237E+00 -0.3227842E+02  0.1948343E+02  0.4839860E+00 -0.3060713E+02  0.1992779E+02
                165  0.4956484E+00 -0.2903712E+02  0.2034672E+02  0.5073107E+00 -0.2756126E+02  0.2074689E+02
                167  0.5189730E+00 -0.2617322E+02  0.2111103E+02  0.5306353E+00 -0.2486697E+02  0.2144166E+02
                169  0.5422976E+00 -0.2363726E+02  0.2173109E+02  0.5539599E+00 -0.2247889E+02  0.2197791E+02
                171  0.5656222E+00 -0.2138749E+02  0.2218120E+02  0.5772846E+00 -0.2035853E+02  0.2233959E+02
                173  0.5889469E+00 -0.1938834E+02  0.2245163E+02  0.6006092E+00 -0.1847293E+02  0.2252103E+02
                175  0.6122715E+00 -0.1760923E+02  0.2254519E+02  0.6239338E+00 -0.1679367E+02  0.2252764E+02
                177  0.6355961E+00 -0.1602370E+02  0.2247229E+02  0.6472584E+00 -0.1529612E+02  0.2237383E+02
                179  0.6589208E+00 -0.1460879E+02  0.2224237E+02  0.6705831E+00 -0.1395882E+02  0.2207936E+02
                181  0.6822454E+00 -0.1334444E+02  0.2187840E+02  0.6939077E+00 -0.1276304E+02  0.2165336E+02
                183  0.7055700E+00 -0.1221314E+02  0.2140341E+02  0.7172323E+00 -0.1169236E+02  0.2112318E+02
                185  0.7288946E+00 -0.1119952E+02  0.2082610E+02  0.7405570E+00 -0.1073241E+02  0.2051217E+02
                187  0.7522193E+00 -0.1029009E+02  0.2017397E+02  0.7638816E+00 -0.9870526E+01  0.1982534E+02
                189  0.7755439E+00 -0.9473001E+01  0.1946654E+02  0.7872062E+00 -0.9095598E+01  0.1909197E+02
                191  0.7988685E+00 -0.8737812E+01  0.1870999E+02  0.8105308E+00 -0.8397836E+01  0.1832358E+02
                193  0.8221932E+00 -0.8075338E+01  0.1793047E+02  0.8338555E+00 -0.7768614E+01  0.1753056E+02
                195  0.8455178E+00 -0.7477484E+01  0.1713083E+02  0.8571801E+00 -0.7200331E+01  0.1673130E+02
                197  0.8688424E+00 -0.6937112E+01  0.1632824E+02  0.8805047E+00 -0.6686283E+01  0.1592669E+02
                199  0.8921670E+00 -0.6447922E+01  0.1552880E+02  0.9038294E+00 -0.6220551E+01  0.1513456E+02
                201  0.9271540E+00 -0.5797923E+01  0.1435239E+02  0.9504786E+00 -0.5413742E+01  0.1359384E+02
                203  0.9738032E+00 -0.5063978E+01  0.1285632E+02  0.9971279E+00 -0.4744965E+01  0.1214820E+02
                205  0.1020453E+01 -0.4453560E+01  0.1146831E+02  0.1043777E+01 -0.4186869E+01  0.1082001E+02
                207  0.1067102E+01 -0.3942439E+01  0.1020374E+02  0.1090426E+01 -0.3717989E+01  0.9619327E+01
                209  0.1113751E+01 -0.3511595E+01  0.9067482E+01  0.1137076E+01 -0.3321420E+01  0.8547452E+01
                211  0.1160400E+01 -0.3145990E+01  0.8057459E+01  0.1183725E+01 -0.2983819E+01  0.7599722E+01
                213  0.1207050E+01 -0.2833748E+01  0.7169381E+01  0.1230374E+01 -0.2694570E+01  0.6767744E+01
                215  0.1253699E+01 -0.2565405E+01  0.6393311E+01  0.1277023E+01 -0.2445252E+01  0.6042557E+01
                217  0.1300348E+01 -0.2333426E+01  0.5718224E+01  0.1323673E+01 -0.2229095E+01  0.5415669E+01
                219  0.1346997E+01 -0.2131748E+01  0.5133170E+01  0.1370322E+01 -0.2040683E+01  0.4873969E+01
                221  0.1393647E+01 -0.1955506E+01  0.4632016E+01  0.1416971E+01 -0.1875617E+01  0.4406646E+01
                223  0.1440296E+01 -0.1800739E+01  0.4201079E+01  0.1463620E+01 -0.1730346E+01  0.4009342E+01
                225  0.1486945E+01 -0.1664239E+01  0.3831007E+01  0.1510270E+01 -0.1601954E+01  0.3668847E+01
                227  0.1533594E+01 -0.1543366E+01  0.3518294E+01  0.1556919E+01 -0.1488062E+01  0.3378336E+01
                229  0.1580244E+01 -0.1435962E+01  0.3250794E+01  0.1603568E+01 -0.1386692E+01  0.3133804E+01
                231  0.1626893E+01 -0.1340227E+01  0.3025068E+01  0.1650217E+01 -0.1296218E+01  0.2924827E+01
                233  0.1673542E+01 -0.1254673E+01  0.2835101E+01  0.1696867E+01 -0.1215269E+01  0.2751761E+01
                235  0.1720191E+01 -0.1178049E+01  0.2674790E+01  0.1743516E+01 -0.1142708E+01  0.2605355E+01
                237  0.1766841E+01 -0.1109308E+01  0.2542702E+01  0.1790165E+01 -0.1077563E+01  0.2484955E+01
                239  0.1813490E+01 -0.1047559E+01  0.2432096E+01  0.1836815E+01 -0.1019021E+01  0.2385422E+01
                241  0.1883464E+01 -0.9663847E+00  0.2305322E+01  0.1930113E+01 -0.9190499E+00  0.2241337E+01
                243  0.1976762E+01 -0.8765134E+00  0.2192549E+01  0.2023412E+01 -0.8383198E+00  0.2156117E+01
                245  0.2070061E+01 -0.8040949E+00  0.2132288E+01  0.2116710E+01 -0.7734925E+00  0.2117964E+01
                247  0.2163359E+01 -0.7462282E+00  0.2114762E+01  0.2210009E+01 -0.7220375E+00  0.2119615E+01
                249  0.2256658E+01 -0.7006994E+00  0.2133700E+01  0.2303307E+01 -0.6820127E+00  0.2155675E+01
                251  0.2349956E+01 -0.6658006E+00  0.2185601E+01  0.2396606E+01 -0.6519118E+00  0.2223804E+01
                253  0.2443255E+01 -0.6402028E+00  0.2269617E+01  0.0000000E+00  0.0000000E+00  0.0000000E+00



       2   h=    0.0007   change points:  40  80 120 160 200 240 400 400 400 400   kplace= 253   exchange=0.000000

                           r           real(v)          rho             r           real(v)          rho
                  1  0.7288946E-03 -0.7656776E+05  0.1142698E+00  0.1457789E-02 -0.3815354E+05  0.4261545E+00
                  3  0.2186684E-02 -0.2534894E+05  0.9048989E+00  0.2915579E-02 -0.1894680E+05  0.1525773E+01
                  5  0.3644473E-02 -0.1510566E+05  0.2267299E+01  0.4373368E-02 -0.1254505E+05  0.3110462E+01
                  7  0.5102263E-02 -0.1071619E+05  0.4038242E+01  0.5831157E-02 -0.9344697E+04  0.5035366E+01
                  9  0.6560052E-02 -0.8278115E+04  0.6088221E+01  0.7288946E-02 -0.7424986E+04  0.7184411E+01
                 11  0.8017841E-02 -0.6727100E+04  0.8312937E+01  0.8746736E-02 -0.6145656E+04  0.9463850E+01
                 13  0.9475630E-02 -0.5653785E+04  0.1062829E+02  0.1020453E-01 -0.5232299E+04  0.1179848E+02
                 15  0.1093342E-01 -0.4867122E+04  0.1296718E+02  0.1166231E-01 -0.4547702E+04  0.1412815E+02
                 17  0.1239121E-01 -0.4265963E+04  0.1527618E+02  0.1312010E-01 -0.4015630E+04  0.1640613E+02
                 19  0.1384900E-01 -0.3791742E+04  0.1751381E+02  0.1457789E-01 -0.3590337E+04  0.1859557E+02
                 21  0.1530679E-01 -0.3408199E+04  0.1964824E+02  0.1603568E-01 -0.3242707E+04  0.2066913E+02
                 23  0.1676458E-01 -0.3091685E+04  0.2165596E+02  0.1749347E-01 -0.2953329E+04  0.2260683E+02
                 25  0.1822237E-01 -0.2826114E+04  0.2352032E+02  0.1895126E-01 -0.2708760E+04  0.2439523E+02
                 27  0.1968016E-01 -0.2600166E+04  0.2523053E+02  0.2040905E-01 -0.2499397E+04  0.2602561E+02
                 29  0.2113794E-01 -0.2405640E+04  0.2678014E+02  0.2186684E-01 -0.2318197E+04  0.2749385E+02
                 31  0.2259573E-01 -0.2236453E+04  0.2816681E+02  0.2332463E-01 -0.2159876E+04  0.2879924E+02
                 33  0.2405352E-01 -0.2087994E+04  0.2939127E+02  0.2478242E-01 -0.2020393E+04  0.2994380E+02
                 35  0.2551131E-01 -0.1956705E+04  0.3045686E+02  0.2624021E-01 -0.1896604E+04  0.3093161E+02
                 37  0.2696910E-01 -0.1839797E+04  0.3136876E+02  0.2769800E-01 -0.1786026E+04  0.3176895E+02
                 39  0.2842689E-01 -0.1735054E+04  0.3213370E+02  0.2915579E-01 -0.1686673E+04  0.3246319E+02
                 41  0.3061358E-01 -0.1596937E+04  0.3302267E+02  0.3207136E-01 -0.1515501E+04  0.3345649E+02
                 43  0.3352915E-01 -0.1441279E+04  0.3377428E+02  0.3498694E-01 -0.1373365E+04  0.3398553E+02
                 45  0.3644473E-01 -0.1310997E+04  0.3409915E+02  0.3790252E-01 -0.1253532E+04  0.3412570E+02
                 47  0.3936031E-01 -0.1200420E+04  0.3407513E+02  0.4081810E-01 -0.1151193E+04  0.3395748E+02
                 49  0.4227589E-01 -0.1105443E+04  0.3377840E+02  0.4373368E-01 -0.1062822E+04  0.3354859E+02
                 51  0.4519147E-01 -0.1023022E+04  0.3327772E+02  0.4664926E-01 -0.9857776E+03  0.3296961E+02
                 53  0.4810705E-01 -0.9508523E+03  0.3263367E+02  0.4956484E-01 -0.9180397E+03  0.3227784E+02
                 55  0.5102263E-01 -0.8871563E+03  0.3190395E+02  0.5248041E-01 -0.8580394E+03  0.3152288E+02
                 57  0.5393820E-01 -0.8305437E+03  0.3113472E+02  0.5539599E-01 -0.8045394E+03  0.3074822E+02
                 59  0.5685378E-01 -0.7799101E+03  0.3036491E+02  0.5831157E-01 -0.7565513E+03  0.2999029E+02
                 61  0.5976936E-01 -0.7343685E+03  0.2962639E+02  0.6122715E-01 -0.7132764E+03  0.2927739E+02
                 63  0.6268494E-01 -0.6931978E+03  0.2894441E+02  0.6414273E-01 -0.6740625E+03  0.2863154E+02
                 65  0.6560052E-01 -0.6558065E+03  0.2833824E+02  0.6705831E-01 -0.6383717E+03  0.2806871E+02
                 67  0.6851610E-01 -0.6217047E+03  0.2782172E+02  0.6997389E-01 -0.6057569E+03  0.2760014E+02
                 69  0.7143168E-01 -0.5904835E+03  0.2740387E+02  0.7288946E-01 -0.5758434E+03  0.2723346E+02
                 71  0.7434725E-01 -0.5617987E+03  0.2708938E+02  0.7580504E-01 -0.5483147E+03  0.2697192E+02
                 73  0.7726283E-01 -0.5353591E+03  0.2688029E+02  0.7872062E-01 -0.5229021E+03  0.2681522E+02
                 75  0.8017841E-01 -0.5109162E+03  0.2677586E+02  0.8163620E-01 -0.4993757E+03  0.2676083E+02
                 77  0.8309399E-01 -0.4882569E+03  0.2677191E+02  0.8455178E-01 -0.4775377E+03  0.2680614E+02
                 79  0.8600957E-01 -0.4671976E+03  0.2686239E+02  0.8746736E-01 -0.4572172E+03  0.2694334E+02
                 81  0.9038294E-01 -0.4382658E+03  0.2716418E+02  0.9329851E-01 -0.4205535E+03  0.2746549E+02
                 83  0.9621409E-01 -0.4039668E+03  0.2783337E+02  0.9912967E-01 -0.3884054E+03  0.2826116E+02
                 85  0.1020453E+00 -0.3737807E+03  0.2874152E+02  0.1049608E+00 -0.3600141E+03  0.2925996E+02
                 87  0.1078764E+00 -0.3470356E+03  0.2981651E+02  0.1107920E+00 -0.3347826E+03  0.3039176E+02
                 89  0.1137076E+00 -0.3231990E+03  0.3099019E+02  0.1166231E+00 -0.3122343E+03  0.3159139E+02
                 91  0.1195387E+00 -0.3018430E+03  0.3220019E+02  0.1224543E+00 -0.2919839E+03  0.3279823E+02
                 93  0.1253699E+00 -0.2826197E+03  0.3339184E+02  0.1282855E+00 -0.2737164E+03  0.3396371E+02
                 95  0.1312010E+00 -0.2652431E+03  0.3451912E+02  0.1341166E+00 -0.2571717E+03  0.3504564E+02
                 97  0.1370322E+00 -0.2494760E+03  0.3554499E+02  0.1399478E+00 -0.2421326E+03  0.3601117E+02
                 99  0.1428634E+00 -0.2351194E+03  0.3644133E+02  0.1457789E+00 -0.2284167E+03  0.3683583E+02
                101  0.1486945E+00 -0.2220055E+03  0.3718942E+02  0.1516101E+00 -0.2158691E+03  0.3750319E+02
                103  0.1545257E+00 -0.2099913E+03  0.3777514E+02  0.1574412E+00 -0.2043578E+03  0.3800449E+02
                105  0.1603568E+00 -0.1989546E+03  0.3819091E+02  0.1632724E+00 -0.1937693E+03  0.3833535E+02
                107  0.1661880E+00 -0.1887898E+03  0.3843682E+02  0.1691036E+00 -0.1840054E+03  0.3849570E+02
                109  0.1720191E+00 -0.1794055E+03  0.3851508E+02  0.1749347E+00 -0.1749810E+03  0.3849281E+02
                111  0.1778503E+00 -0.1707222E+03  0.3843064E+02  0.1807659E+00 -0.1666215E+03  0.3833303E+02
                113  0.1836815E+00 -0.1626703E+03  0.3819740E+02  0.1865970E+00 -0.1588617E+03  0.3802490E+02
                115  0.1895126E+00 -0.1551884E+03  0.3782223E+02  0.1924282E+00 -0.1516443E+03  0.3758811E+02
                117  0.1953438E+00 -0.1482227E+03  0.3731868E+02  0.1982593E+00 -0.1449184E+03  0.3702514E+02
                119  0.2011749E+00 -0.1417254E+03  0.3670747E+02  0.2040905E+00 -0.1386391E+03  0.3635891E+02
                121  0.2099217E+00 -0.1327663E+03  0.3560268E+02  0.2157528E+00 -0.1272645E+03  0.3476592E+02
                123  0.2215840E+00 -0.1221017E+03  0.3387253E+02  0.2274151E+00 -0.1172493E+03  0.3292316E+02
                125  0.2332463E+00 -0.1126818E+03  0.3194592E+02  0.2390774E+00 -0.1083761E+03  0.3093715E+02
                127  0.2449086E+00 -0.1043113E+03  0.2992383E+02  0.2507398E+00 -0.1004688E+03  0.2890211E+02
                129  0.2565709E+00 -0.9683139E+02  0.2789333E+02  0.2624021E+00 -0.9338394E+02  0.2689728E+02
                131  0.2682332E+00 -0.9011227E+02  0.2592608E+02  0.2740644E+00 -0.8700394E+02  0.2498591E+02
                133  0.2798955E+00 -0.8404713E+02  0.2407803E+02  0.2857267E+00 -0.8123165E+02  0.2321414E+02
                135  0.2915579E+00 -0.7854758E+02  0.2239001E+02  0.2973890E+00 -0.7598651E+02  0.2161469E+02
                137  0.3032202E+00 -0.7354006E+02  0.2088847E+02  0.3090513E+00 -0.7120130E+02  0.2021195E+02
                139  0.3148825E+00 -0.6896307E+02  0.1958723E+02  0.3207136E+00 -0.6681965E+02  0.1901540E+02
                141  0.3265448E+00 -0.6476490E+02  0.1849455E+02  0.3323760E+00 -0.6279408E+02  0.1802399E+02
                143  0.3382071E+00 -0.6090188E+02  0.1760767E+02  0.3440383E+00 -0.5908438E+02  0.1723790E+02
                145  0.3498694E+00 -0.5733692E+02  0.1691412E+02  0.3557006E+00 -0.5565629E+02  0.1664286E+02
                147  0.3615317E+00 -0.5403839E+02  0.1641139E+02  0.3673629E+00 -0.5248056E+02  0.1621959E+02
                149  0.3731941E+00 -0.5097914E+02  0.1607550E+02  0.3790252E+00 -0.4953197E+02  0.1596460E+02
                151  0.3848564E+00 -0.4813578E+02  0.1588580E+02  0.3906875E+00 -0.4678878E+02  0.1584656E+02
                153  0.3965187E+00 -0.4548802E+02  0.1583618E+02  0.4023498E+00 -0.4423205E+02  0.1584979E+02
                155  0.4081810E+00 -0.4301819E+02  0.1589102E+02  0.4140122E+00 -0.4184527E+02  0.1596066E+02
                157  0.4198433E+00 -0.4071081E+02  0.1604632E+02  0.4256745E+00 -0.3961391E+02  0.1614802E+02
                159  0.4315056E+00 -0.3855226E+02  0.1627356E+02  0.4373368E+00 -0.3752517E+02  0.1641224E+02
                161  0.4489991E+00 -0.3556768E+02  0.1671579E+02  0.4606614E+00 -0.3373128E+02  0.1706644E+02
                163  0.4723237E+00 -0.3200692E+02  0.1742770E+02  0.4839860E+00 -0.3038638E+02  0.1780956E+02
                165  0.4956484E+00 -0.2886233E+02  0.1818154E+02  0.5073107E+00 -0.2742797E+02  0.1855192E+02
                167  0.5189730E+00 -0.2607731E+02  0.1889926E+02  0.5306353E+00 -0.2480459E+02  0.1922745E+02
                169  0.5422976E+00 -0.2360490E+02  0.1952527E+02  0.5539599E+00 -0.2247328E+02  0.1979154E+02
                171  0.5656222E+00 -0.2140564E+02  0.2002365E+02  0.5772846E+00 -0.2039766E+02  0.2021805E+02
                173  0.5889469E+00 -0.1944595E+02  0.2037496E+02  0.6006092E+00 -0.1854667E+02  0.2049384E+02
                175  0.6122715E+00 -0.1769702E+02  0.2057324E+02  0.6239338E+00 -0.1689355E+02  0.2061513E+02
                177  0.6355961E+00 -0.1613395E+02  0.2062172E+02  0.6472584E+00 -0.1541510E+02  0.2058909E+02
                179  0.6589208E+00 -0.1473510E+02  0.2052469E+02  0.6705831E+00 -0.1409110E+02  0.2042958E+02
                181  0.6822454E+00 -0.1348156E+02  0.2029847E+02  0.6939077E+00 -0.1290386E+02  0.2014281E+02
                183  0.7055700E+00 -0.1235677E+02  0.1996185E+02  0.7172323E+00 -0.1183788E+02  0.1975087E+02
                185  0.7288946E+00 -0.1134620E+02  0.1952167E+02  0.7405570E+00 -0.1087950E+02  0.1927426E+02
                187  0.7522193E+00 -0.1043703E+02  0.1900180E+02  0.7638816E+00 -0.1001671E+02  0.1871703E+02
                189  0.7755439E+00 -0.9618001E+01  0.1842020E+02  0.7872062E+00 -0.9238927E+01  0.1810593E+02
                191  0.7988685E+00 -0.8879145E+01  0.1778224E+02  0.8105308E+00 -0.8536786E+01  0.1745199E+02
                193  0.8221932E+00 -0.8211673E+01  0.1711291E+02  0.8338555E+00 -0.7902027E+01  0.1676490E+02
                195  0.8455178E+00 -0.7607816E+01  0.1641493E+02  0.8571801E+00 -0.7327340E+01  0.1606300E+02
                197  0.8688424E+00 -0.7060700E+01  0.1570523E+02  0.8805047E+00 -0.6806262E+01  0.1534687E+02
                199  0.8921670E+00 -0.6564244E+01  0.1499014E+02  0.9038294E+00 -0.6333068E+01  0.1463504E+02
                201  0.9271540E+00 -0.5902702E+01  0.1392463E+02  0.9504786E+00 -0.5510637E+01  0.1323062E+02
                203  0.9738032E+00 -0.5152935E+01  0.1254985E+02  0.9971279E+00 -0.4826014E+01  0.1189233E+02
                205  0.1020453E+01 -0.4526785E+01  0.1125627E+02  0.1043777E+01 -0.4252406E+01  0.1064668E+02
                207  0.1067102E+01 -0.4000456E+01  0.1006350E+02  0.1090426E+01 -0.3768670E+01  0.9507833E+01
                209  0.1113751E+01 -0.3555152E+01  0.8980427E+01  0.1137076E+01 -0.3358069E+01  0.8480919E+01
                211  0.1160400E+01 -0.3175954E+01  0.8008441E+01  0.1183725E+01 -0.3007317E+01  0.7564616E+01
                213  0.1207050E+01 -0.2851010E+01  0.7145873E+01  0.1230374E+01 -0.2705812E+01  0.6753306E+01
                215  0.1253699E+01 -0.2570842E+01  0.6385688E+01  0.1277023E+01 -0.2445085E+01  0.6040116E+01
                217  0.1300348E+01 -0.2327861E+01  0.5718962E+01  0.1323673E+01 -0.2218319E+01  0.5418183E+01
                219  0.1346997E+01 -0.2115948E+01  0.5136285E+01  0.1370322E+01 -0.2020023E+01  0.4876188E+01
                221  0.1393647E+01 -0.1930159E+01  0.4632417E+01  0.1416971E+01 -0.1845731E+01  0.4404372E+01
                223  0.1440296E+01 -0.1766466E+01  0.4195037E+01  0.1463620E+01 -0.1691815E+01  0.3998882E+01
                225  0.1486945E+01 -0.1621585E+01  0.3815495E+01  0.1510270E+01 -0.1555292E+01  0.3647483E+01
                227  0.1533594E+01 -0.1492814E+01  0.3490554E+01  0.1556919E+01 -0.1433714E+01  0.3343750E+01
                229  0.1580244E+01 -0.1377926E+01  0.3208786E+01  0.1603568E+01 -0.1325048E+01  0.3083880E+01
                231  0.1626893E+01 -0.1275066E+01  0.2966850E+01  0.1650217E+01 -0.1227606E+01  0.2857919E+01
                233  0.1673542E+01 -0.1182690E+01  0.2759009E+01  0.1696867E+01 -0.1139969E+01  0.2666139E+01
                235  0.1720191E+01 -0.1099500E+01  0.2579300E+01  0.1743516E+01 -0.1060950E+01  0.2499614E+01
                237  0.1766841E+01 -0.1024402E+01  0.2426326E+01  0.1790165E+01 -0.9895387E+00  0.2357606E+01
                239  0.1813490E+01 -0.9564659E+00  0.2293447E+01  0.1836815E+01 -0.9248787E+00  0.2235104E+01
                241  0.1883464E+01 -0.8662390E+00  0.2130593E+01  0.1930113E+01 -0.8129810E+00  0.2040797E+01
                243  0.1976762E+01 -0.7645727E+00  0.1964686E+01  0.2023412E+01 -0.7205294E+00  0.1899429E+01
                245  0.2070061E+01 -0.6804522E+00  0.1845114E+01  0.2116710E+01 -0.6439698E+00  0.1798634E+01
                247  0.2163359E+01 -0.6107760E+00  0.1761409E+01  0.2210009E+01 -0.5805842E+00  0.1730325E+01
                249  0.2256658E+01 -0.5531533E+00  0.1706346E+01  0.2303307E+01 -0.5282625E+00  0.1688024E+01
                251  0.2349956E+01 -0.5057167E+00  0.1675175E+01  0.2396606E+01 -0.4853460E+00  0.1667970E+01
                253  0.2443255E+01 -0.4669895E+00  0.1665428E+01  0.2489904E+01 -0.4505178E+00  0.1668151E+01
                255  0.2536553E+01 -0.4357958E+00  0.1675729E+01  0.2583203E+01 -0.4227260E+00  0.1688077E+01



       3   h=    0.0007   change points:  40  80 120 160 200 240 400 400 400 400   kplace= 252   exchange=0.000000

                           r           real(v)          rho             r           real(v)          rho
                  1  0.7288946E-03 -0.7656779E+05  0.1142698E+00  0.1457789E-02 -0.3815358E+05  0.4261546E+00
                  3  0.2186684E-02 -0.2534898E+05  0.9048991E+00  0.2915579E-02 -0.1894683E+05  0.1525773E+01
                  5  0.3644473E-02 -0.1510570E+05  0.2267300E+01  0.4373368E-02 -0.1254509E+05  0.3110462E+01
                  7  0.5102263E-02 -0.1071623E+05  0.4038242E+01  0.5831157E-02 -0.9344734E+04  0.5035367E+01
                  9  0.6560052E-02 -0.8278152E+04  0.6088223E+01  0.7288946E-02 -0.7425023E+04  0.7184413E+01
                 11  0.8017841E-02 -0.6727137E+04  0.8312939E+01  0.8746736E-02 -0.6145694E+04  0.9463852E+01
                 13  0.9475630E-02 -0.5653822E+04  0.1062829E+02  0.1020453E-01 -0.5232337E+04  0.1179848E+02
                 15  0.1093342E-01 -0.4867160E+04  0.1296718E+02  0.1166231E-01 -0.4547740E+04  0.1412815E+02
                 17  0.1239121E-01 -0.4266001E+04  0.1527618E+02  0.1312010E-01 -0.4015667E+04  0.1640614E+02
                 19  0.1384900E-01 -0.3791779E+04  0.1751382E+02  0.1457789E-01 -0.3590374E+04  0.1859557E+02
                 21  0.1530679E-01 -0.3408237E+04  0.1964825E+02  0.1603568E-01 -0.3242744E+04  0.2066914E+02
                 23  0.1676458E-01 -0.3091722E+04  0.2165596E+02  0.1749347E-01 -0.2953366E+04  0.2260684E+02
                 25  0.1822237E-01 -0.2826152E+04  0.2352033E+02  0.1895126E-01 -0.2708797E+04  0.2439524E+02
                 27  0.1968016E-01 -0.2600203E+04  0.2523054E+02  0.2040905E-01 -0.2499434E+04  0.2602562E+02
                 29  0.2113794E-01 -0.2405678E+04  0.2678015E+02  0.2186684E-01 -0.2318235E+04  0.2749387E+02
                 31  0.2259573E-01 -0.2236490E+04  0.2816682E+02  0.2332463E-01 -0.2159914E+04  0.2879926E+02
                 33  0.2405352E-01 -0.2088031E+04  0.2939129E+02  0.2478242E-01 -0.2020431E+04  0.2994381E+02
                 35  0.2551131E-01 -0.1956742E+04  0.3045687E+02  0.2624021E-01 -0.1896641E+04  0.3093163E+02
                 37  0.2696910E-01 -0.1839834E+04  0.3136878E+02  0.2769800E-01 -0.1786063E+04  0.3176897E+02
                 39  0.2842689E-01 -0.1735091E+04  0.3213372E+02  0.2915579E-01 -0.1686710E+04  0.3246321E+02
                 41  0.3061358E-01 -0.1596974E+04  0.3302270E+02  0.3207136E-01 -0.1515539E+04  0.3345652E+02
                 43  0.3352915E-01 -0.1441317E+04  0.3377431E+02  0.3498694E-01 -0.1373402E+04  0.3398556E+02
                 45  0.3644473E-01 -0.1311034E+04  0.3409919E+02  0.3790252E-01 -0.1253569E+04  0.3412574E+02
                 47  0.3936031E-01 -0.1200457E+04  0.3407518E+02  0.4081810E-01 -0.1151230E+04  0.3395752E+02
                 49  0.4227589E-01 -0.1105481E+04  0.3377845E+02  0.4373368E-01 -0.1062859E+04  0.3354864E+02
                 51  0.4519147E-01 -0.1023060E+04  0.3327777E+02  0.4664926E-01 -0.9858149E+03  0.3296967E+02
                 53  0.4810705E-01 -0.9508896E+03  0.3263373E+02  0.4956484E-01 -0.9180770E+03  0.3227791E+02
                 55  0.5102263E-01 -0.8871936E+03  0.3190402E+02  0.5248041E-01 -0.8580767E+03  0.3152296E+02
                 57  0.5393820E-01 -0.8305810E+03  0.3113480E+02  0.5539599E-01 -0.8045767E+03  0.3074830E+02
                 59  0.5685378E-01 -0.7799474E+03  0.3036500E+02  0.5831157E-01 -0.7565886E+03  0.2999038E+02
                 61  0.5976936E-01 -0.7344058E+03  0.2962649E+02  0.6122715E-01 -0.7133137E+03  0.2927750E+02
                 63  0.6268494E-01 -0.6932351E+03  0.2894452E+02  0.6414273E-01 -0.6740998E+03  0.2863165E+02
                 65  0.6560052E-01 -0.6558438E+03  0.2833836E+02  0.6705831E-01 -0.6384090E+03  0.2806883E+02
                 67  0.6851610E-01 -0.6217421E+03  0.2782184E+02  0.6997389E-01 -0.6057942E+03  0.2760027E+02
                 69  0.7143168E-01 -0.5905208E+03  0.2740401E+02  0.7288946E-01 -0.5758807E+03  0.2723361E+02
                 71  0.7434725E-01 -0.5618361E+03  0.2708953E+02  0.7580504E-01 -0.5483520E+03  0.2697208E+02
                 73  0.7726283E-01 -0.5353964E+03  0.2688045E+02  0.7872062E-01 -0.5229394E+03  0.2681538E+02
                 75  0.8017841E-01 -0.5109535E+03  0.2677603E+02  0.8163620E-01 -0.4994130E+03  0.2676101E+02
                 77  0.8309399E-01 -0.4882943E+03  0.2677210E+02  0.8455178E-01 -0.4775750E+03  0.2680634E+02
                 79  0.8600957E-01 -0.4672349E+03  0.2686259E+02  0.8746736E-01 -0.4572546E+03  0.2694355E+02
                 81  0.9038294E-01 -0.4383031E+03  0.2716441E+02  0.9329851E-01 -0.4205909E+03  0.2746572E+02
                 83  0.9621409E-01 -0.4040042E+03  0.2783363E+02  0.9912967E-01 -0.3884427E+03  0.2826142E+02
                 85  0.1020453E+00 -0.3738181E+03  0.2874180E+02  0.1049608E+00 -0.3600515E+03  0.2926026E+02
                 87  0.1078764E+00 -0.3470730E+03  0.2981683E+02  0.1107920E+00 -0.3348200E+03  0.3039209E+02
                 89  0.1137076E+00 -0.3232364E+03  0.3099055E+02  0.1166231E+00 -0.3122717E+03  0.3159176E+02
                 91  0.1195387E+00 -0.3018804E+03  0.3220058E+02  0.1224543E+00 -0.2920213E+03  0.3279864E+02
                 93  0.1253699E+00 -0.2826571E+03  0.3339227E+02  0.1282855E+00 -0.2737538E+03  0.3396416E+02
                 95  0.1312010E+00 -0.2652806E+03  0.3451959E+02  0.1341166E+00 -0.2572091E+03  0.3504613E+02
                 97  0.1370322E+00 -0.2495135E+03  0.3554551E+02  0.1399478E+00 -0.2421700E+03  0.3601170E+02
                 99  0.1428634E+00 -0.2351569E+03  0.3644189E+02  0.1457789E+00 -0.2284541E+03  0.3683642E+02
                101  0.1486945E+00 -0.2220430E+03  0.3719003E+02  0.1516101E+00 -0.2159066E+03  0.3750382E+02
                103  0.1545257E+00 -0.2100288E+03  0.3777579E+02  0.1574412E+00 -0.2043953E+03  0.3800517E+02
                105  0.1603568E+00 -0.1989921E+03  0.3819161E+02  0.1632724E+00 -0.1938068E+03  0.3833608E+02
                107  0.1661880E+00 -0.1888273E+03  0.3843758E+02  0.1691036E+00 -0.1840430E+03  0.3849648E+02
                109  0.1720191E+00 -0.1794431E+03  0.3851589E+02  0.1749347E+00 -0.1750185E+03  0.3849365E+02
                111  0.1778503E+00 -0.1707598E+03  0.3843150E+02  0.1807659E+00 -0.1666590E+03  0.3833392E+02
                113  0.1836815E+00 -0.1627079E+03  0.3819832E+02  0.1865970E+00 -0.1588993E+03  0.3802586E+02
                115  0.1895126E+00 -0.1552260E+03  0.3782322E+02  0.1924282E+00 -0.1516819E+03  0.3758913E+02
                117  0.1953438E+00 -0.1482603E+03  0.3731973E+02  0.1982593E+00 -0.1449561E+03  0.3702622E+02
                119  0.2011749E+00 -0.1417630E+03  0.3670858E+02  0.2040905E+00 -0.1386768E+03  0.3636005E+02
                121  0.2099217E+00 -0.1328040E+03  0.3560389E+02  0.2157528E+00 -0.1273022E+03  0.3476720E+02
                123  0.2215840E+00 -0.1221394E+03  0.3387388E+02  0.2274151E+00 -0.1172871E+03  0.3292458E+02
                125  0.2332463E+00 -0.1127196E+03  0.3194742E+02  0.2390774E+00 -0.1084139E+03  0.3093872E+02
                127  0.2449086E+00 -0.1043491E+03  0.2992548E+02  0.2507398E+00 -0.1005066E+03  0.2890384E+02
                129  0.2565709E+00 -0.9686927E+02  0.2789515E+02  0.2624021E+00 -0.9342185E+02  0.2689918E+02
                131  0.2682332E+00 -0.9015021E+02  0.2592807E+02  0.2740644E+00 -0.8704190E+02  0.2498799E+02
                133  0.2798955E+00 -0.8408513E+02  0.2408020E+02  0.2857267E+00 -0.8126968E+02  0.2321640E+02
                135  0.2915579E+00 -0.7858563E+02  0.2239236E+02  0.2973890E+00 -0.7602460E+02  0.2161715E+02
                137  0.3032202E+00 -0.7357818E+02  0.2089102E+02  0.3090513E+00 -0.7123945E+02  0.2021460E+02
                139  0.3148825E+00 -0.6900125E+02  0.1958998E+02  0.3207136E+00 -0.6685787E+02  0.1901826E+02
                141  0.3265448E+00 -0.6480315E+02  0.1849752E+02  0.3323760E+00 -0.6283237E+02  0.1802707E+02
                143  0.3382071E+00 -0.6094020E+02  0.1761086E+02  0.3440383E+00 -0.5912274E+02  0.1724120E+02
                145  0.3498694E+00 -0.5737532E+02  0.1691754E+02  0.3557006E+00 -0.5569473E+02  0.1664640E+02
                147  0.3615317E+00 -0.5407687E+02  0.1641505E+02  0.3673629E+00 -0.5251907E+02  0.1622337E+02
                149  0.3731941E+00 -0.5101770E+02  0.1607940E+02  0.3790252E+00 -0.4957057E+02  0.1596863E+02
                151  0.3848564E+00 -0.4817441E+02  0.1588996E+02  0.3906875E+00 -0.4682745E+02  0.1585085E+02
                153  0.3965187E+00 -0.4552674E+02  0.1584060E+02  0.4023498E+00 -0.4427081E+02  0.1585435E+02
                155  0.4081810E+00 -0.4305699E+02  0.1589571E+02  0.4140122E+00 -0.4188412E+02  0.1596549E+02
                157  0.4198433E+00 -0.4074971E+02  0.1605130E+02  0.4256745E+00 -0.3965285E+02  0.1615314E+02
                159  0.4315056E+00 -0.3859125E+02  0.1627882E+02  0.4373368E+00 -0.3756420E+02  0.1641766E+02
                161  0.4489991E+00 -0.3560681E+02  0.1672151E+02  0.4606614E+00 -0.3377051E+02  0.1707247E+02
                163  0.4723237E+00 -0.3204625E+02  0.1743405E+02  0.4839860E+00 -0.3042581E+02  0.1781625E+02
                165  0.4956484E+00 -0.2890187E+02  0.1818857E+02  0.5073107E+00 -0.2746762E+02  0.1855930E+02
                167  0.5189730E+00 -0.2611707E+02  0.1890700E+02  0.5306353E+00 -0.2484447E+02  0.1923556E+02
                169  0.5422976E+00 -0.2364490E+02  0.1953377E+02  0.5539599E+00 -0.2251340E+02  0.1980043E+02
                171  0.5656222E+00 -0.2144588E+02  0.2003294E+02  0.5772846E+00 -0.2043803E+02  0.2022775E+02
                173  0.5889469E+00 -0.1948645E+02  0.2038509E+02  0.6006092E+00 -0.1858730E+02  0.2050440E+02
                175  0.6122715E+00 -0.1773778E+02  0.2058424E+02  0.6239338E+00 -0.1693445E+02  0.2062659E+02
                177  0.6355961E+00 -0.1617499E+02  0.2063364E+02  0.6472584E+00 -0.1545629E+02  0.2060149E+02
                179  0.6589208E+00 -0.1477643E+02  0.2053758E+02  0.6705831E+00 -0.1413258E+02  0.2044297E+02
                181  0.6822454E+00 -0.1352318E+02  0.2031238E+02  0.6939077E+00 -0.1294565E+02  0.2015723E+02
                183  0.7055700E+00 -0.1239871E+02  0.1997681E+02  0.7172323E+00 -0.1187998E+02  0.1976638E+02
                185  0.7288946E+00 -0.1138846E+02  0.1953774E+02  0.7405570E+00 -0.1092192E+02  0.1929091E+02
                187  0.7522193E+00 -0.1047963E+02  0.1901902E+02  0.7638816E+00 -0.1005948E+02  0.1873486E+02
                189  0.7755439E+00 -0.9660945E+01  0.1843863E+02  0.7872062E+00 -0.9282049E+01  0.1812499E+02
                191  0.7988685E+00 -0.8922448E+01  0.1780194E+02  0.8105308E+00 -0.8580274E+01  0.1747234E+02
                193  0.8221932E+00 -0.8255348E+01  0.1713393E+02  0.8338555E+00 -0.7945892E+01  0.1678660E+02
                195  0.8455178E+00 -0.7651875E+01  0.1643732E+02  0.8571801E+00 -0.7371595E+01  0.1608609E+02
                197  0.8688424E+00 -0.7105155E+01  0.1572904E+02  0.8805047E+00 -0.6850919E+01  0.1537142E+02
                199  0.8921670E+00 -0.6609108E+01  0.1501545E+02  0.9038294E+00 -0.6378141E+01  0.1466111E+02
                201  0.9271540E+00 -0.5948204E+01  0.1395228E+02  0.9504786E+00 -0.5556580E+01  0.1325991E+02
                203  0.9738032E+00 -0.5199333E+01  0.1258085E+02  0.9971279E+00 -0.4872880E+01  0.1192510E+02
                205  0.1020453E+01 -0.4574134E+01  0.1129090E+02  0.1043777E+01 -0.4300250E+01  0.1068321E+02
                207  0.1067102E+01 -0.4048808E+01  0.1010204E+02  0.1090426E+01 -0.3817548E+01  0.9548430E+01
                209  0.1113751E+01 -0.3604567E+01  0.9023169E+01  0.1137076E+01 -0.3408036E+01  0.8525889E+01
                211  0.1160400E+01 -0.3226488E+01  0.8055717E+01  0.1183725E+01 -0.3058436E+01  0.7614282E+01
                213  0.1207050E+01 -0.2902727E+01  0.7198020E+01  0.1230374E+01 -0.2758141E+01  0.6808028E+01
                215  0.1253699E+01 -0.2623801E+01  0.6443074E+01  0.1277023E+01 -0.2498691E+01  0.6100258E+01
                217  0.1300348E+01 -0.2382129E+01  0.5781965E+01  0.1323673E+01 -0.2273264E+01  0.5484152E+01
                219  0.1346997E+01 -0.2171588E+01  0.5205321E+01  0.1370322E+01 -0.2076376E+01  0.4948395E+01
                221  0.1393647E+01 -0.1987241E+01  0.4707913E+01  0.1416971E+01 -0.1903559E+01  0.4483275E+01
                223  0.1440296E+01 -0.1825059E+01  0.4277460E+01  0.1463620E+01 -0.1751191E+01  0.4084944E+01
                225  0.1486945E+01 -0.1681763E+01  0.3905328E+01  0.1510270E+01 -0.1616289E+01  0.3741220E+01
                227  0.1533594E+01 -0.1554651E+01  0.3588324E+01  0.1556919E+01 -0.1496410E+01  0.3445686E+01
                229  0.1580244E+01 -0.1441501E+01  0.3315036E+01  0.1603568E+01 -0.1389521E+01  0.3194595E+01
                231  0.1626893E+01 -0.1340457E+01  0.3082174E+01  0.1650217E+01 -0.1293938E+01  0.2978003E+01
                233  0.1673542E+01 -0.1249983E+01  0.2884021E+01  0.1696867E+01 -0.1208244E+01  0.2796248E+01
                235  0.1720191E+01 -0.1168779E+01  0.2714670E+01  0.1743516E+01 -0.1131256E+01  0.2640416E+01
                237  0.1766841E+01 -0.1095757E+01  0.2572748E+01  0.1790165E+01 -0.1061965E+01  0.2509839E+01
                239  0.1813490E+01 -0.1029988E+01  0.2451678E+01  0.1836815E+01 -0.9995205E+00  0.2399526E+01
                241  0.1883464E+01 -0.9431926E+00  0.2308036E+01  0.1930113E+01 -0.8923477E+00  0.2232122E+01
                243  0.1976762E+01 -0.8464565E+00  0.2170836E+01  0.2023412E+01 -0.8050389E+00  0.2121382E+01
                245  0.2070061E+01 -0.7676996E+00  0.2083946E+01  0.2116710E+01 -0.7340718E+00  0.2055463E+01
                247  0.2163359E+01 -0.7038535E+00  0.2037464E+01  0.2210009E+01 -0.6767629E+00  0.2026895E+01
                249  0.2256658E+01 -0.6525639E+00  0.2024847E+01  0.2303307E+01 -0.6310409E+00  0.2029952E+01
                251  0.2349956E+01 -0.6120042E+00  0.2042180E+01  0.2396606E+01 -0.5952897E+00  0.2061801E+01
                253  0.2443255E+01 -0.5807426E+00  0.2088033E+01  0.2489904E+01 -0.5682399E+00  0.2121611E+01
                255  0.2536553E+01 -0.5576535E+00  0.2162369E+01  0.0000000E+00  0.0000000E+00  0.0000000E+00



       4   h=    0.0007   change points:  40  80 120 160 200 240 400 400 400 400   kplace= 249   exchange=0.000000

                           r           real(v)          rho             r           real(v)          rho
                  1  0.7288946E-03 -0.7656777E+05  0.1142698E+00  0.1457789E-02 -0.3815355E+05  0.4261545E+00
                  3  0.2186684E-02 -0.2534895E+05  0.9048990E+00  0.2915579E-02 -0.1894681E+05  0.1525773E+01
                  5  0.3644473E-02 -0.1510567E+05  0.2267299E+01  0.4373368E-02 -0.1254506E+05  0.3110462E+01
                  7  0.5102263E-02 -0.1071621E+05  0.4038242E+01  0.5831157E-02 -0.9344709E+04  0.5035366E+01
                  9  0.6560052E-02 -0.8278127E+04  0.6088222E+01  0.7288946E-02 -0.7424998E+04  0.7184412E+01
                 11  0.8017841E-02 -0.6727112E+04  0.8312938E+01  0.8746736E-02 -0.6145668E+04  0.9463851E+01
                 13  0.9475630E-02 -0.5653797E+04  0.1062829E+02  0.1020453E-01 -0.5232311E+04  0.1179848E+02
                 15  0.1093342E-01 -0.4867134E+04  0.1296718E+02  0.1166231E-01 -0.4547714E+04  0.1412815E+02
                 17  0.1239121E-01 -0.4265975E+04  0.1527618E+02  0.1312010E-01 -0.4015642E+04  0.1640614E+02
                 19  0.1384900E-01 -0.3791754E+04  0.1751382E+02  0.1457789E-01 -0.3590349E+04  0.1859557E+02
                 21  0.1530679E-01 -0.3408211E+04  0.1964824E+02  0.1603568E-01 -0.3242719E+04  0.2066913E+02
                 23  0.1676458E-01 -0.3091697E+04  0.2165596E+02  0.1749347E-01 -0.2953341E+04  0.2260683E+02
                 25  0.1822237E-01 -0.2826126E+04  0.2352032E+02  0.1895126E-01 -0.2708772E+04  0.2439523E+02
                 27  0.1968016E-01 -0.2600178E+04  0.2523054E+02  0.2040905E-01 -0.2499409E+04  0.2602561E+02
                 29  0.2113794E-01 -0.2405652E+04  0.2678014E+02  0.2186684E-01 -0.2318209E+04  0.2749386E+02
                 31  0.2259573E-01 -0.2236465E+04  0.2816681E+02  0.2332463E-01 -0.2159888E+04  0.2879925E+02
                 33  0.2405352E-01 -0.2088006E+04  0.2939128E+02  0.2478242E-01 -0.2020405E+04  0.2994380E+02
                 35  0.2551131E-01 -0.1956717E+04  0.3045686E+02  0.2624021E-01 -0.1896616E+04  0.3093161E+02
                 37  0.2696910E-01 -0.1839809E+04  0.3136877E+02  0.2769800E-01 -0.1786038E+04  0.3176896E+02
                 39  0.2842689E-01 -0.1735066E+04  0.3213370E+02  0.2915579E-01 -0.1686685E+04  0.3246320E+02
                 41  0.3061358E-01 -0.1596949E+04  0.3302268E+02  0.3207136E-01 -0.1515513E+04  0.3345650E+02
                 43  0.3352915E-01 -0.1441291E+04  0.3377429E+02  0.3498694E-01 -0.1373377E+04  0.3398554E+02
                 45  0.3644473E-01 -0.1311009E+04  0.3409916E+02  0.3790252E-01 -0.1253544E+04  0.3412571E+02
                 47  0.3936031E-01 -0.1200432E+04  0.3407515E+02  0.4081810E-01 -0.1151204E+04  0.3395749E+02
                 49  0.4227589E-01 -0.1105455E+04  0.3377841E+02  0.4373368E-01 -0.1062834E+04  0.3354861E+02
                 51  0.4519147E-01 -0.1023034E+04  0.3327773E+02  0.4664926E-01 -0.9857895E+03  0.3296963E+02
                 53  0.4810705E-01 -0.9508643E+03  0.3263369E+02  0.4956484E-01 -0.9180517E+03  0.3227787E+02
                 55  0.5102263E-01 -0.8871683E+03  0.3190397E+02  0.5248041E-01 -0.8580514E+03  0.3152291E+02
                 57  0.5393820E-01 -0.8305556E+03  0.3113475E+02  0.5539599E-01 -0.8045514E+03  0.3074825E+02
                 59  0.5685378E-01 -0.7799221E+03  0.3036494E+02  0.5831157E-01 -0.7565633E+03  0.2999032E+02
                 61  0.5976936E-01 -0.7343805E+03  0.2962642E+02  0.6122715E-01 -0.7132884E+03  0.2927743E+02
                 63  0.6268494E-01 -0.6932098E+03  0.2894445E+02  0.6414273E-01 -0.6740745E+03  0.2863157E+02
                 65  0.6560052E-01 -0.6558185E+03  0.2833828E+02  0.6705831E-01 -0.6383837E+03  0.2806875E+02
                 67  0.6851610E-01 -0.6217167E+03  0.2782176E+02  0.6997389E-01 -0.6057689E+03  0.2760018E+02
                 69  0.7143168E-01 -0.5904955E+03  0.2740392E+02  0.7288946E-01 -0.5758553E+03  0.2723351E+02
                 71  0.7434725E-01 -0.5618107E+03  0.2708943E+02  0.7580504E-01 -0.5483267E+03  0.2697197E+02
                 73  0.7726283E-01 -0.5353711E+03  0.2688034E+02  0.7872062E-01 -0.5229141E+03  0.2681527E+02
                 75  0.8017841E-01 -0.5109282E+03  0.2677591E+02  0.8163620E-01 -0.4993877E+03  0.2676089E+02
                 77  0.8309399E-01 -0.4882689E+03  0.2677197E+02  0.8455178E-01 -0.4775497E+03  0.2680621E+02
                 79  0.8600957E-01 -0.4672096E+03  0.2686246E+02  0.8746736E-01 -0.4572292E+03  0.2694341E+02
                 81  0.9038294E-01 -0.4382778E+03  0.2716425E+02  0.9329851E-01 -0.4205655E+03  0.2746556E+02
                 83  0.9621409E-01 -0.4039788E+03  0.2783345E+02  0.9912967E-01 -0.3884174E+03  0.2826124E+02
                 85  0.1020453E+00 -0.3737927E+03  0.2874161E+02  0.1049608E+00 -0.3600261E+03  0.2926006E+02
                 87  0.1078764E+00 -0.3470477E+03  0.2981661E+02  0.1107920E+00 -0.3347946E+03  0.3039187E+02
                 89  0.1137076E+00 -0.3232110E+03  0.3099031E+02  0.1166231E+00 -0.3122463E+03  0.3159151E+02
                 91  0.1195387E+00 -0.3018550E+03  0.3220032E+02  0.1224543E+00 -0.2919959E+03  0.3279837E+02
                 93  0.1253699E+00 -0.2826317E+03  0.3339198E+02  0.1282855E+00 -0.2737284E+03  0.3396386E+02
                 95  0.1312010E+00 -0.2652552E+03  0.3451927E+02  0.1341166E+00 -0.2571837E+03  0.3504580E+02
                 97  0.1370322E+00 -0.2494880E+03  0.3554516E+02  0.1399478E+00 -0.2421446E+03  0.3601134E+02
                 99  0.1428634E+00 -0.2351315E+03  0.3644151E+02  0.1457789E+00 -0.2284287E+03  0.3683602E+02
                101  0.1486945E+00 -0.2220175E+03  0.3718961E+02  0.1516101E+00 -0.2158811E+03  0.3750339E+02
                103  0.1545257E+00 -0.2100034E+03  0.3777535E+02  0.1574412E+00 -0.2043699E+03  0.3800471E+02
                105  0.1603568E+00 -0.1989666E+03  0.3819113E+02  0.1632724E+00 -0.1937814E+03  0.3833558E+02
                107  0.1661880E+00 -0.1888018E+03  0.3843707E+02  0.1691036E+00 -0.1840175E+03  0.3849595E+02
                109  0.1720191E+00 -0.1794176E+03  0.3851534E+02  0.1749347E+00 -0.1749930E+03  0.3849308E+02
                111  0.1778503E+00 -0.1707343E+03  0.3843091E+02  0.1807659E+00 -0.1666335E+03  0.3833331E+02
                113  0.1836815E+00 -0.1626823E+03  0.3819770E+02  0.1865970E+00 -0.1588738E+03  0.3802521E+02
                115  0.1895126E+00 -0.1552005E+03  0.3782255E+02  0.1924282E+00 -0.1516564E+03  0.3758844E+02
                117  0.1953438E+00 -0.1482348E+03  0.3731902E+02  0.1982593E+00 -0.1449305E+03  0.3702548E+02
                119  0.2011749E+00 -0.1417375E+03  0.3670783E+02  0.2040905E+00 -0.1386512E+03  0.3635927E+02
                121  0.2099217E+00 -0.1327784E+03  0.3560306E+02  0.2157528E+00 -0.1272766E+03  0.3476633E+02
                123  0.2215840E+00 -0.1221138E+03  0.3387296E+02  0.2274151E+00 -0.1172615E+03  0.3292361E+02
                125  0.2332463E+00 -0.1126939E+03  0.3194640E+02  0.2390774E+00 -0.1083882E+03  0.3093765E+02
                127  0.2449086E+00 -0.1043234E+03  0.2992436E+02  0.2507398E+00 -0.1004809E+03  0.2890266E+02
                129  0.2565709E+00 -0.9684356E+02  0.2789392E+02  0.2624021E+00 -0.9339612E+02  0.2689789E+02
                131  0.2682332E+00 -0.9012446E+02  0.2592672E+02  0.2740644E+00 -0.8701613E+02  0.2498657E+02
                133  0.2798955E+00 -0.8405933E+02  0.2407873E+02  0.2857267E+00 -0.8124386E+02  0.2321486E+02
                135  0.2915579E+00 -0.7855980E+02  0.2239076E+02  0.2973890E+00 -0.7599874E+02  0.2161548E+02
                137  0.3032202E+00 -0.7355230E+02  0.2088928E+02  0.3090513E+00 -0.7121355E+02  0.2021280E+02
                139  0.3148825E+00 -0.6897533E+02  0.1958811E+02  0.3207136E+00 -0.6683192E+02  0.1901631E+02
                141  0.3265448E+00 -0.6477718E+02  0.1849550E+02  0.3323760E+00 -0.6280638E+02  0.1802498E+02
                143  0.3382071E+00 -0.6091419E+02  0.1760869E+02  0.3440383E+00 -0.5909670E+02  0.1723896E+02
                145  0.3498694E+00 -0.5734926E+02  0.1691521E+02  0.3557006E+00 -0.5566864E+02  0.1664399E+02
                147  0.3615317E+00 -0.5405075E+02  0.1641256E+02  0.3673629E+00 -0.5249292E+02  0.1622080E+02
                149  0.3731941E+00 -0.5099152E+02  0.1607675E+02  0.3790252E+00 -0.4954437E+02  0.1596590E+02
                151  0.3848564E+00 -0.4814819E+02  0.1588714E+02  0.3906875E+00 -0.4680120E+02  0.1584793E+02
                153  0.3965187E+00 -0.4550045E+02  0.1583760E+02  0.4023498E+00 -0.4424450E+02  0.1585125E+02
                155  0.4081810E+00 -0.4303065E+02  0.1589252E+02  0.4140122E+00 -0.4185774E+02  0.1596221E+02
                157  0.4198433E+00 -0.4072330E+02  0.1604792E+02  0.4256745E+00 -0.3962642E+02  0.1614966E+02
                159  0.4315056E+00 -0.3856478E+02  0.1627524E+02  0.4373368E+00 -0.3753770E+02  0.1641398E+02
                161  0.4489991E+00 -0.3558025E+02  0.1671763E+02  0.4606614E+00 -0.3374388E+02  0.1706837E+02
                163  0.4723237E+00 -0.3201955E+02  0.1742973E+02  0.4839860E+00 -0.3039904E+02  0.1781170E+02
                165  0.4956484E+00 -0.2887503E+02  0.1818379E+02  0.5073107E+00 -0.2744070E+02  0.1855429E+02
                167  0.5189730E+00 -0.2609008E+02  0.1890174E+02  0.5306353E+00 -0.2481740E+02  0.1923005E+02
                169  0.5422976E+00 -0.2361775E+02  0.1952799E+02  0.5539599E+00 -0.2248616E+02  0.1979438E+02
                171  0.5656222E+00 -0.2141856E+02  0.2002662E+02  0.5772846E+00 -0.2041062E+02  0.2022116E+02
                173  0.5889469E+00 -0.1945895E+02  0.2037821E+02  0.6006092E+00 -0.1855972E+02  0.2049723E+02
                175  0.6122715E+00 -0.1771011E+02  0.2057677E+02  0.6239338E+00 -0.1690669E+02  0.2061881E+02
                177  0.6355961E+00 -0.1614713E+02  0.2062554E+02  0.6472584E+00 -0.1542833E+02  0.2059306E+02
                179  0.6589208E+00 -0.1474837E+02  0.2052882E+02  0.6705831E+00 -0.1410442E+02  0.2043387E+02
                181  0.6822454E+00 -0.1349492E+02  0.2030293E+02  0.6939077E+00 -0.1291728E+02  0.2014743E+02
                183  0.7055700E+00 -0.1237024E+02  0.1996664E+02  0.7172323E+00 -0.1185139E+02  0.1975584E+02
                185  0.7288946E+00 -0.1135977E+02  0.1952682E+02  0.7405570E+00 -0.1089312E+02  0.1927960E+02
                187  0.7522193E+00 -0.1045071E+02  0.1900732E+02  0.7638816E+00 -0.1003044E+02  0.1872275E+02
                189  0.7755439E+00 -0.9631789E+01  0.1842611E+02  0.7872062E+00 -0.9252772E+01  0.1811204E+02
                191  0.7988685E+00 -0.8893048E+01  0.1778856E+02  0.8105308E+00 -0.8550749E+01  0.1745852E+02
                193  0.8221932E+00 -0.8225696E+01  0.1711965E+02  0.8338555E+00 -0.7916110E+01  0.1677186E+02
                195  0.8455178E+00 -0.7621962E+01  0.1642211E+02  0.8571801E+00 -0.7341548E+01  0.1607040E+02
                197  0.8688424E+00 -0.7074973E+01  0.1571287E+02  0.8805047E+00 -0.6820599E+01  0.1535474E+02
                199  0.8921670E+00 -0.6578648E+01  0.1499826E+02  0.9038294E+00 -0.6347539E+01  0.1464340E+02
                201  0.9271540E+00 -0.5917310E+01  0.1393350E+02  0.9504786E+00 -0.5525387E+01  0.1324001E+02
                203  0.9738032E+00 -0.5167831E+01  0.1255979E+02  0.9971279E+00 -0.4841060E+01  0.1190284E+02
                205  0.1020453E+01 -0.4541986E+01  0.1126738E+02  0.1043777E+01 -0.4267765E+01  0.1065840E+02
                207  0.1067102E+01 -0.4015978E+01  0.1007587E+02  0.1090426E+01 -0.3784361E+01  0.9520862E+01
                209  0.1113751E+01 -0.3571015E+01  0.8994145E+01  0.1137076E+01 -0.3374109E+01  0.8495354E+01
                211  0.1160400E+01 -0.3192176E+01  0.8023617E+01  0.1183725E+01 -0.3023727E+01  0.7580561E+01
                213  0.1207050E+01 -0.2867611E+01  0.7162616E+01  0.1230374E+01 -0.2722610E+01  0.6770878E+01
                215  0.1253699E+01 -0.2587842E+01  0.6404117E+01  0.1277023E+01 -0.2462292E+01  0.6059432E+01
                217  0.1300348E+01 -0.2345281E+01  0.5739199E+01  0.1323673E+01 -0.2235956E+01  0.5439376E+01
                219  0.1346997E+01 -0.2133808E+01  0.5158466E+01  0.1370322E+01 -0.2038112E+01  0.4899391E+01
                221  0.1393647E+01 -0.1948482E+01  0.4656680E+01  0.1416971E+01 -0.1864293E+01  0.4429734E+01
                223  0.1440296E+01 -0.1785274E+01  0.4221533E+01  0.1463620E+01 -0.1710874E+01  0.4026552E+01
                225  0.1486945E+01 -0.1640902E+01  0.3844382E+01  0.1510270E+01 -0.1574871E+01  0.3677630E+01
                227  0.1533594E+01 -0.1512664E+01  0.3522003E+01  0.1556919E+01 -0.1453839E+01  0.3376544E+01
                229  0.1580244E+01 -0.1398333E+01  0.3242974E+01  0.1603568E+01 -0.1345744E+01  0.3119511E+01
                231  0.1626893E+01 -0.1296057E+01  0.3003971E+01  0.1650217E+01 -0.1248899E+01  0.2896578E+01
                233  0.1673542E+01 -0.1204292E+01  0.2799262E+01  0.1696867E+01 -0.1161886E+01  0.2708041E+01
                235  0.1720191E+01 -0.1121740E+01  0.2622905E+01  0.1743516E+01 -0.1083520E+01  0.2544978E+01
                237  0.1766841E+01 -0.1047309E+01  0.2473510E+01  0.1790165E+01 -0.1012790E+01  0.2406673E+01
                239  0.1813490E+01 -0.9800697E+00  0.2344458E+01  0.1836815E+01 -0.9488426E+00  0.2288122E+01
                241  0.1883464E+01 -0.8909464E+00  0.2187836E+01  0.1930113E+01 -0.8384647E+00  0.2102548E+01
                243  0.1976762E+01 -0.7908664E+00  0.2031255E+01  0.2023412E+01 -0.7476683E+00  0.1971138E+01
                245  0.2070061E+01 -0.7084726E+00  0.1922320E+01  0.2116710E+01 -0.6729096E+00  0.1881705E+01
                247  0.2163359E+01 -0.6406745E+00  0.1850752E+01  0.2210009E+01 -0.6114823E+00  0.1826368E+01
                249  0.2256658E+01 -0.5850936E+00  0.1809560E+01  0.2303307E+01 -0.5612892E+00  0.1798905E+01
                251  0.2349956E+01 -0.5398758E+00  0.1794274E+01  0.2396606E+01 -0.5206854E+00  0.1795869E+01



       5   h=    0.0007   change points:  40  80 120 160 200 240 400 400 400 400   kplace= 253   exchange=0.000000

                           r           real(v)          rho             r           real(v)          rho
                  1  0.7288946E-03 -0.7656774E+05  0.1142698E+00  0.1457789E-02 -0.3815353E+05  0.4261545E+00
                  3  0.2186684E-02 -0.2534893E+05  0.9048989E+00  0.2915579E-02 -0.1894678E+05  0.1525773E+01
                  5  0.3644473E-02 -0.1510565E+05  0.2267299E+01  0.4373368E-02 -0.1254504E+05  0.3110461E+01
                  7  0.5102263E-02 -0.1071618E+05  0.4038241E+01  0.5831157E-02 -0.9344684E+04  0.5035366E+01
                  9  0.6560052E-02 -0.8278102E+04  0.6088221E+01  0.7288946E-02 -0.7424973E+04  0.7184411E+01
                 11  0.8017841E-02 -0.6727087E+04  0.8312937E+01  0.8746736E-02 -0.6145644E+04  0.9463849E+01
                 13  0.9475630E-02 -0.5653772E+04  0.1062829E+02  0.1020453E-01 -0.5232287E+04  0.1179848E+02
                 15  0.1093342E-01 -0.4867110E+04  0.1296718E+02  0.1166231E-01 -0.4547690E+04  0.1412815E+02
                 17  0.1239121E-01 -0.4265951E+04  0.1527617E+02  0.1312010E-01 -0.4015618E+04  0.1640613E+02
                 19  0.1384900E-01 -0.3791729E+04  0.1751381E+02  0.1457789E-01 -0.3590324E+04  0.1859557E+02
                 21  0.1530679E-01 -0.3408187E+04  0.1964824E+02  0.1603568E-01 -0.3242694E+04  0.2066913E+02
                 23  0.1676458E-01 -0.3091673E+04  0.2165595E+02  0.1749347E-01 -0.2953316E+04  0.2260683E+02
                 25  0.1822237E-01 -0.2826102E+04  0.2352032E+02  0.1895126E-01 -0.2708747E+04  0.2439522E+02
                 27  0.1968016E-01 -0.2600153E+04  0.2523053E+02  0.2040905E-01 -0.2499384E+04  0.2602561E+02
                 29  0.2113794E-01 -0.2405628E+04  0.2678013E+02  0.2186684E-01 -0.2318185E+04  0.2749385E+02
                 31  0.2259573E-01 -0.2236441E+04  0.2816680E+02  0.2332463E-01 -0.2159864E+04  0.2879924E+02
                 33  0.2405352E-01 -0.2087981E+04  0.2939127E+02  0.2478242E-01 -0.2020381E+04  0.2994379E+02
                 35  0.2551131E-01 -0.1956692E+04  0.3045685E+02  0.2624021E-01 -0.1896592E+04  0.3093160E+02
                 37  0.2696910E-01 -0.1839785E+04  0.3136875E+02  0.2769800E-01 -0.1786014E+04  0.3176895E+02
                 39  0.2842689E-01 -0.1735041E+04  0.3213369E+02  0.2915579E-01 -0.1686661E+04  0.3246318E+02
                 41  0.3061358E-01 -0.1596924E+04  0.3302266E+02  0.3207136E-01 -0.1515489E+04  0.3345648E+02
                 43  0.3352915E-01 -0.1441267E+04  0.3377427E+02  0.3498694E-01 -0.1373353E+04  0.3398551E+02
                 45  0.3644473E-01 -0.1310985E+04  0.3409914E+02  0.3790252E-01 -0.1253519E+04  0.3412569E+02
                 47  0.3936031E-01 -0.1200408E+04  0.3407512E+02  0.4081810E-01 -0.1151180E+04  0.3395746E+02
                 49  0.4227589E-01 -0.1105431E+04  0.3377838E+02  0.4373368E-01 -0.1062809E+04  0.3354857E+02
                 51  0.4519147E-01 -0.1023010E+04  0.3327770E+02  0.4664926E-01 -0.9857650E+03  0.3296959E+02
                 53  0.4810705E-01 -0.9508398E+03  0.3263365E+02  0.4956484E-01 -0.9180272E+03  0.3227782E+02
                 55  0.5102263E-01 -0.8871438E+03  0.3190392E+02  0.5248041E-01 -0.8580268E+03  0.3152286E+02
                 57  0.5393820E-01 -0.8305311E+03  0.3113470E+02  0.5539599E-01 -0.8045268E+03  0.3074819E+02
                 59  0.5685378E-01 -0.7798976E+03  0.3036488E+02  0.5831157E-01 -0.7565387E+03  0.2999026E+02
                 61  0.5976936E-01 -0.7343559E+03  0.2962636E+02  0.6122715E-01 -0.7132639E+03  0.2927736E+02
                 63  0.6268494E-01 -0.6931852E+03  0.2894438E+02  0.6414273E-01 -0.6740499E+03  0.2863150E+02
                 65  0.6560052E-01 -0.6557940E+03  0.2833820E+02  0.6705831E-01 -0.6383591E+03  0.2806867E+02
                 67  0.6851610E-01 -0.6216922E+03  0.2782167E+02  0.6997389E-01 -0.6057443E+03  0.2760009E+02
                 69  0.7143168E-01 -0.5904709E+03  0.2740383E+02  0.7288946E-01 -0.5758308E+03  0.2723341E+02
                 71  0.7434725E-01 -0.5617862E+03  0.2708933E+02  0.7580504E-01 -0.5483021E+03  0.2697187E+02
                 73  0.7726283E-01 -0.5353465E+03  0.2688023E+02  0.7872062E-01 -0.5228895E+03  0.2681516E+02
                 75  0.8017841E-01 -0.5109036E+03  0.2677580E+02  0.8163620E-01 -0.4993631E+03  0.2676077E+02
                 77  0.8309399E-01 -0.4882443E+03  0.2677184E+02  0.8455178E-01 -0.4775251E+03  0.2680608E+02
                 79  0.8600957E-01 -0.4671850E+03  0.2686232E+02  0.8746736E-01 -0.4572047E+03  0.2694327E+02
                 81  0.9038294E-01 -0.4382532E+03  0.2716411E+02  0.9329851E-01 -0.4205409E+03  0.2746540E+02
                 83  0.9621409E-01 -0.4039542E+03  0.2783329E+02  0.9912967E-01 -0.3883928E+03  0.2826106E+02
                 85  0.1020453E+00 -0.3737681E+03  0.2874142E+02  0.1049608E+00 -0.3600015E+03  0.2925986E+02
                 87  0.1078764E+00 -0.3470231E+03  0.2981640E+02  0.1107920E+00 -0.3347700E+03  0.3039164E+02
                 89  0.1137076E+00 -0.3231864E+03  0.3099007E+02  0.1166231E+00 -0.3122217E+03  0.3159126E+02
                 91  0.1195387E+00 -0.3018304E+03  0.3220006E+02  0.1224543E+00 -0.2919713E+03  0.3279809E+02
                 93  0.1253699E+00 -0.2826071E+03  0.3339169E+02  0.1282855E+00 -0.2737038E+03  0.3396356E+02
                 95  0.1312010E+00 -0.2652305E+03  0.3451896E+02  0.1341166E+00 -0.2571590E+03  0.3504547E+02
                 97  0.1370322E+00 -0.2494634E+03  0.3554482E+02  0.1399478E+00 -0.2421200E+03  0.3601098E+02
                 99  0.1428634E+00 -0.2351068E+03  0.3644114E+02  0.1457789E+00 -0.2284040E+03  0.3683564E+02
                101  0.1486945E+00 -0.2219929E+03  0.3718921E+02  0.1516101E+00 -0.2158565E+03  0.3750298E+02
                103  0.1545257E+00 -0.2099787E+03  0.3777491E+02  0.1574412E+00 -0.2043452E+03  0.3800426E+02
                105  0.1603568E+00 -0.1989420E+03  0.3819067E+02  0.1632724E+00 -0.1937567E+03  0.3833510E+02
                107  0.1661880E+00 -0.1887771E+03  0.3843656E+02  0.1691036E+00 -0.1839928E+03  0.3849543E+02
                109  0.1720191E+00 -0.1793929E+03  0.3851480E+02  0.1749347E+00 -0.1749683E+03  0.3849252E+02
                111  0.1778503E+00 -0.1707096E+03  0.3843034E+02  0.1807659E+00 -0.1666088E+03  0.3833272E+02
                113  0.1836815E+00 -0.1626576E+03  0.3819708E+02  0.1865970E+00 -0.1588491E+03  0.3802457E+02
                115  0.1895126E+00 -0.1551757E+03  0.3782189E+02  0.1924282E+00 -0.1516316E+03  0.3758776E+02
                117  0.1953438E+00 -0.1482100E+03  0.3731832E+02  0.1982593E+00 -0.1449057E+03  0.3702477E+02
                119  0.2011749E+00 -0.1417127E+03  0.3670709E+02  0.2040905E+00 -0.1386264E+03  0.3635851E+02
                121  0.2099217E+00 -0.1327537E+03  0.3560226E+02  0.2157528E+00 -0.1272518E+03  0.3476548E+02
                123  0.2215840E+00 -0.1220890E+03  0.3387207E+02  0.2274151E+00 -0.1172366E+03  0.3292267E+02
                125  0.2332463E+00 -0.1126691E+03  0.3194541E+02  0.2390774E+00 -0.1083634E+03  0.3093661E+02
                127  0.2449086E+00 -0.1042986E+03  0.2992326E+02  0.2507398E+00 -0.1004560E+03  0.2890151E+02
                129  0.2565709E+00 -0.9681863E+02  0.2789271E+02  0.2624021E+00 -0.9337117E+02  0.2689663E+02
                131  0.2682332E+00 -0.9009949E+02  0.2592540E+02  0.2740644E+00 -0.8699115E+02  0.2498520E+02
                133  0.2798955E+00 -0.8403434E+02  0.2407729E+02  0.2857267E+00 -0.8121884E+02  0.2321336E+02
                135  0.2915579E+00 -0.7853476E+02  0.2238920E+02  0.2973890E+00 -0.7597368E+02  0.2161385E+02
                137  0.3032202E+00 -0.7352722E+02  0.2088759E+02  0.3090513E+00 -0.7118844E+02  0.2021104E+02
                139  0.3148825E+00 -0.6895020E+02  0.1958628E+02  0.3207136E+00 -0.6680678E+02  0.1901442E+02
                141  0.3265448E+00 -0.6475201E+02  0.1849353E+02  0.3323760E+00 -0.6278118E+02  0.1802294E+02
                143  0.3382071E+00 -0.6088897E+02  0.1760658E+02  0.3440383E+00 -0.5907145E+02  0.1723677E+02
                145  0.3498694E+00 -0.5732399E+02  0.1691295E+02  0.3557006E+00 -0.5564335E+02  0.1664165E+02
                147  0.3615317E+00 -0.5402543E+02  0.1641014E+02  0.3673629E+00 -0.5246758E+02  0.1621830E+02
                149  0.3731941E+00 -0.5096615E+02  0.1607416E+02  0.3790252E+00 -0.4951897E+02  0.1596322E+02
                151  0.3848564E+00 -0.4812276E+02  0.1588438E+02  0.3906875E+00 -0.4677575E+02  0.1584509E+02
                153  0.3965187E+00 -0.4547497E+02  0.1583466E+02  0.4023498E+00 -0.4421899E+02  0.1584823E+02
                155  0.4081810E+00 -0.4300511E+02  0.1588941E+02  0.4140122E+00 -0.4183218E+02  0.1595900E+02
                157  0.4198433E+00 -0.4069770E+02  0.1604462E+02  0.4256745E+00 -0.3960079E+02  0.1614626E+02
                159  0.4315056E+00 -0.3853912E+02  0.1627175E+02  0.4373368E+00 -0.3751201E+02  0.1641039E+02
                161  0.4489991E+00 -0.3555449E+02  0.1671383E+02  0.4606614E+00 -0.3371806E+02  0.1706437E+02
                163  0.4723237E+00 -0.3199367E+02  0.1742552E+02  0.4839860E+00 -0.3037309E+02  0.1780727E+02
                165  0.4956484E+00 -0.2884900E+02  0.1817913E+02  0.5073107E+00 -0.2741460E+02  0.1854939E+02
                167  0.5189730E+00 -0.2606390E+02  0.1889661E+02  0.5306353E+00 -0.2479115E+02  0.1922467E+02
                169  0.5422976E+00 -0.2359142E+02  0.1952236E+02  0.5539599E+00 -0.2245975E+02  0.1978849E+02
                171  0.5656222E+00 -0.2139207E+02  0.2002047E+02  0.5772846E+00 -0.2038405E+02  0.2021473E+02
                173  0.5889469E+00 -0.1943230E+02  0.2037150E+02  0.6006092E+00 -0.1853297E+02  0.2049023E+02
                175  0.6122715E+00 -0.1768328E+02  0.2056947E+02  0.6239338E+00 -0.1687976E+02  0.2061121E+02
                177  0.6355961E+00 -0.1612011E+02  0.2061764E+02  0.6472584E+00 -0.1540121E+02  0.2058484E+02
                179  0.6589208E+00 -0.1472116E+02  0.2052028E+02  0.6705831E+00 -0.1407711E+02  0.2042499E+02
                181  0.6822454E+00 -0.1346752E+02  0.2029372E+02  0.6939077E+00 -0.1288977E+02  0.2013787E+02
                183  0.7055700E+00 -0.1234262E+02  0.1995673E+02  0.7172323E+00 -0.1182367E+02  0.1974556E+02
                185  0.7288946E+00 -0.1133194E+02  0.1951617E+02  0.7405570E+00 -0.1086518E+02  0.1926857E+02
                187  0.7522193E+00 -0.1042266E+02  0.1899590E+02  0.7638816E+00 -0.1000228E+02  0.1871093E+02
                189  0.7755439E+00 -0.9603509E+01  0.1841389E+02  0.7872062E+00 -0.9224374E+01  0.1809941E+02
                191  0.7988685E+00 -0.8864530E+01  0.1777550E+02  0.8105308E+00 -0.8522108E+01  0.1744503E+02
                193  0.8221932E+00 -0.8196931E+01  0.1710572E+02  0.8338555E+00 -0.7887219E+01  0.1675748E+02
                195  0.8455178E+00 -0.7592942E+01  0.1640727E+02  0.8571801E+00 -0.7312399E+01  0.1605510E+02
                197  0.8688424E+00 -0.7045691E+01  0.1569708E+02  0.8805047E+00 -0.6791183E+01  0.1533847E+02
                199  0.8921670E+00 -0.6549095E+01  0.1498149E+02  0.9038294E+00 -0.6317847E+01  0.1462613E+02
                201  0.9271540E+00 -0.5887334E+01  0.1391518E+02  0.9504786E+00 -0.5495118E+01  0.1322060E+02
                203  0.9738032E+00 -0.5137260E+01  0.1253925E+02  0.9971279E+00 -0.4810179E+01  0.1188112E+02
                205  0.1020453E+01 -0.4510786E+01  0.1124444E+02  0.1043777E+01 -0.4236237E+01  0.1063418E+02
                207  0.1067102E+01 -0.3984114E+01  0.1005033E+02  0.1090426E+01 -0.3752148E+01  0.9493957E+01
                209  0.1113751E+01 -0.3538446E+01  0.8965819E+01  0.1137076E+01 -0.3341175E+01  0.8465551E+01
                211  0.1160400E+01 -0.3158865E+01  0.7992285E+01  0.1183725E+01 -0.2990028E+01  0.7547646E+01
                213  0.1207050E+01 -0.2833516E+01  0.7128057E+01  0.1230374E+01 -0.2688108E+01  0.6734613E+01
                215  0.1253699E+01 -0.2552923E+01  0.6366087E+01  0.1277023E+01 -0.2426945E+01  0.6019575E+01
                217  0.1300348E+01 -0.2309495E+01  0.5697447E+01  0.1323673E+01 -0.2199722E+01  0.5395658E+01
                219  0.1346997E+01 -0.2097113E+01  0.5112716E+01  0.1370322E+01 -0.2000944E+01  0.4851539E+01
                221  0.1393647E+01 -0.1910831E+01  0.4606649E+01  0.1416971E+01 -0.1826148E+01  0.4377445E+01
                223  0.1440296E+01 -0.1746622E+01  0.4166912E+01  0.1463620E+01 -0.1671703E+01  0.3969520E+01
                225  0.1486945E+01 -0.1601200E+01  0.3784851E+01  0.1510270E+01 -0.1534626E+01  0.3615513E+01
                227  0.1533594E+01 -0.1471862E+01  0.3457214E+01  0.1556919E+01 -0.1412468E+01  0.3308994E+01
                229  0.1580244E+01 -0.1356380E+01  0.3172565E+01  0.1603568E+01 -0.1303195E+01  0.3046143E+01
                231  0.1626893E+01 -0.1252899E+01  0.2927549E+01  0.1650217E+01 -0.1205117E+01  0.2817002E+01
                233  0.1673542E+01 -0.1159874E+01  0.2716421E+01  0.1696867E+01 -0.1116818E+01  0.2621823E+01
                235  0.1720191E+01 -0.1076006E+01  0.2533201E+01  0.1743516E+01 -0.1037106E+01  0.2451675E+01
                237  0.1766841E+01 -0.1000199E+01  0.2376483E+01  0.1790165E+01 -0.9649705E+00  0.2305795E+01
                239  0.1813490E+01 -0.9315240E+00  0.2239607E+01  0.1836815E+01 -0.8995549E+00  0.2179169E+01
                241  0.1883464E+01 -0.8401268E+00  0.2070255E+01  0.1930113E+01 -0.7860458E+00  0.1975769E+01
                243  0.1976762E+01 -0.7367792E+00  0.1894652E+01  0.2023412E+01 -0.6918410E+00  0.1824065E+01
                245  0.2070061E+01 -0.6508310E+00  0.1764062E+01  0.2116710E+01 -0.6133766E+00  0.1711521E+01
                247  0.2163359E+01 -0.5791698E+00  0.1667828E+01  0.2210009E+01 -0.5479226E+00  0.1629850E+01
                249  0.2256658E+01 -0.5193915E+00  0.1598507E+01  0.2303307E+01 -0.4933553E+00  0.1572328E+01
                251  0.2349956E+01 -0.4696167E+00  0.1551076E+01  0.2396606E+01 -0.4480037E+00  0.1534891E+01
                253  0.2443255E+01 -0.4283534E+00  0.1522727E+01  0.2489904E+01 -0.4105341E+00  0.1515142E+01
                255  0.2536553E+01 -0.3944086E+00  0.1511648E+01  0.2583203E+01 -0.3798770E+00  0.1512093E+01
 mesh and potential for   6 same as for   2
 mesh and potential for   7 same as for   2
 mesh and potential for   8 same as for   2
 mesh and potential for   9 same as for   2
 mesh and potential for  10 same as for   2
 mesh and potential for  11 same as for   3
 mesh and potential for  12 same as for   3
 mesh and potential for  13 same as for   4
 mesh and potential for  14 same as for   4
