   1  1   3.52E-02  -2.97E-02    3.358781D+00    3.388520D+00    method 1
   2  2   2.53E-02  -4.24E-02    1.462989D+00    1.505373D+00    method 1
   3  3   1.23E-02  -2.19E-02    1.729043D+00    1.750908D+00    method 1
   4  4   9.74E-03  -2.30E-02    1.758868D+00    1.781898D+00    method 1
   5  5   2.80E-01  -4.45E-02    3.193503D-01    3.638027D-01    method 1
   6  6   5.04E-01  -7.46E-02    3.230728D-01    3.976365D-01    method 1
   7  7   5.64E-01  -7.88E-02    3.332067D-01    4.119910D-01    method 1
   8  8   2.02E+01   6.34E-01    1.070589D+00    4.364251D-01    method 1
   9  9   2.88E+00  -1.69E-01    1.602111D-01    3.292592D-01    method 1
  10 10   1.37E+00   3.02E-01    6.949624D-01    3.928658D-01    method 1
  11  8   8.62E-01   8.93E-02    9.522473D-02    5.947218D-03    method 1
  12 10   7.24E-02   2.32E-01    6.552763D-01    4.228461D-01    method 1
  13 10   5.64E-02   1.27E-01    5.345608D-01    4.070892D-01    method 1
  14  9   4.10E-01  -6.08E-02    2.728016D-01    3.336358D-01    method 1
  15 10   5.84E-02   4.14E-02    4.727034D-01    4.313479D-01    method 1
  16  8   2.79E-01   5.82E-02    6.331745D-02    5.154460D-03    method 1
  17  7   2.48E-01  -1.70E-02    7.112149D-02    8.812925D-02    method 1
  18  6   2.42E-01  -1.62E-02    9.424107D-02    1.104644D-01    method 1
  19  9   1.13E-02  -3.16E-02    2.973729D-01    3.289885D-01    method 1
  20  8   9.03E-03   2.94E-02    3.613959D-02    6.697537D-03    method 1
  21  5   1.76E-01  -2.78E-02    4.645439D-01    4.923613D-01    method 1
  22  2   3.45E-02  -3.16E-02    1.475769D+00    1.507384D+00    method 1
  23 10   7.04E-02   2.89E-02    4.850525D-01    4.561088D-01    method 1
  24  9   2.95E-02  -1.24E-02    3.470716D-01    3.594847D-01    method 1
  25  2   1.07E-03  -1.90E-02    1.488462D+00    1.507434D+00    method 1
  26  1   4.42E-03  -2.06E-02    3.367730D+00    3.388351D+00    method 1
  27  8   1.47E-02   1.22E-02    2.068856D-02    8.523126D-03    method 1
  28 10   1.33E-02  -3.28E-03   -2.392005D-01   -2.359189D-01    method 1
  29  5   6.40E-03  -1.66E-02    4.756844D-01    4.922584D-01    method 1
  30  4   4.21E-02   1.94E-02    7.293654D-01    7.100038D-01    method 1
  31  3   4.02E-02   1.78E-02    7.114225D-01    6.936069D-01    method 1
  32  1   3.47E-04  -1.22E-02    3.375994D+00    3.388243D+00    method 1
  33  4   8.92E-04   1.51E-02    7.255010D-01    7.103568D-01    method 1
  34  2   1.95E-03  -8.60E-03    1.497966D+00    1.506567D+00    method 1
  35  3   1.26E-03   1.37E-02    7.078659D-01    6.941274D-01    method 1
  36  7   1.03E-02  -8.52E-03    3.620747D-01    3.705922D-01    method 1
  37  5   6.78E-04  -6.68E-03    4.839765D-01    4.906606D-01    method 1
  38  6   1.16E-02  -7.98E-03    3.875592D-01    3.955388D-01    method 1
  39  4   1.18E-03   1.01E-02    7.209641D-01    7.108553D-01    method 1
  40  3   8.79E-04   9.30E-03    7.037493D-01    6.944538D-01    method 1
  41  9   8.14E-03   7.11E-03    9.231060D-01    9.159927D-01    method 1
  42  1   4.45E-04  -5.94E-03    3.382124D+00    3.388061D+00    method 1
  43  8   9.44E-03   3.58E-03    9.999685D-03    6.422032D-03    method 1
  44  4   9.26E-05   5.86E-03    7.169238D-01    7.110607D-01    method 1
  45  3   1.95E-05   5.46E-03    7.000337D-01    6.945785D-01    method 1
  46  2   7.03E-04  -2.71E-03    1.503131D+00    1.505844D+00    method 1
  47  7   2.55E-03  -3.47E-03    5.601185D-01    5.635914D-01    method 1
  48  6   2.55E-03  -3.29E-03    5.858128D-01    5.891005D-01    method 1
  49  9   1.41E-02   1.61E-03    7.728295D-01    7.712204D-01    method 1
  50  5   2.41E-03  -2.38E-03    8.332433D-01    8.356198D-01    method 1
  51  1   1.61E-04  -2.31E-03    3.385687D+00    3.387993D+00    method 1
  52  4   6.07E-04   2.67E-03    6.230568D-01    6.203892D-01    method 1
  53  3   4.39E-04   2.57E-03    6.973070D-01    6.947418D-01    method 1
  54  8   3.69E-03   8.47E-04    3.112604D-02    3.027870D-02    method 1
  55  7   1.69E-04  -1.06E-03    6.566353D-01    6.577001D-01    method 1
  56  6   1.50E-04  -1.06E-03    7.725032D-01    7.735599D-01    method 1
  57 10   3.70E-03   9.95E-04    2.154697D-01    2.144750D-01    method 1
  58  2   2.26E-04  -6.80E-04    1.505030D+00    1.505711D+00    method 1
  59  4   3.60E-04   9.55E-04    6.214564D-01    6.205018D-01    method 1
  60  3   2.49E-04   9.91E-04    6.059427D-01    6.049514D-01    method 1
  61  5   6.25E-04  -3.85E-04    9.366887D-01    9.370738D-01    method 1
  62  1   1.28E-04  -6.48E-04    3.315197D+00    3.315845D+00    method 1
  63  9   1.78E-04   9.13E-04    7.372073D-01    7.362946D-01    method 1
  64  7   9.15E-05  -2.50E-04    1.833567D-01    1.836071D-01    method 1
  65  6   4.24E-05  -2.48E-04    8.586146D-01    8.588621D-01    method 1
  66 10   7.22E-05   5.14E-04    2.149725D-01    2.144588D-01    method 1
  67  3   8.91E-06   3.12E-04    6.052488D-01    6.049370D-01    method 1
  68  4   8.62E-05   2.48E-04    5.358421D-01    5.355938D-01    method 1
  69  9   2.18E-03   2.22E-04    1.371864D-01    1.369639D-01    method 1
  70  8   7.65E-04   2.51E-04    2.275218D-01    2.272709D-01    method 1
  71  2   1.20E-04   9.09E-05    5.274658D-01    5.273749D-01    method 1
  72  1   1.05E-05  -1.24E-04    3.315715D+00    3.315840D+00    method 1
  73 10   6.87E-04   9.79E-05    3.010418D-01    3.009439D-01    method 1
  74  5   3.25E-05  -9.79E-05    1.028913D+00    1.029010D+00    method 1
  75  3   9.03E-05   5.20E-05    4.443880D-01    4.443360D-01    method 1
  76  8   4.21E-04   5.25E-05    7.790677D-01    7.790151D-01    method 1
  77  7   4.37E-04  -1.28E-04    3.114007D-01    3.115290D-01    method 1
  78  4   5.85E-05   4.70E-05    3.861612D-01    3.861142D-01    method 1
  79  6   4.01E-04  -1.00E-04    2.541093D-01    2.542093D-01    method 1
  80  9   5.80E-04   6.87E-05    7.365830D-01    7.365143D-01    method 1
  81  7   1.07E-04  -1.68E-05    9.874708D-01    9.874876D-01    method 1
  82  1   4.13E-07  -1.16E-05    3.387931D+00    3.387943D+00    method 1
  83  6   5.23E-05  -7.97E-06    9.377397D-01    9.377476D-01    method 1
  84 10   1.39E-04  -5.79E-05    4.969575D-01    4.970154D-01    method 1
  85  5   6.11E-05  -3.04E-05    1.029001D+00    1.029031D+00    method 1
  86  2   1.22E-05   3.12E-05    4.416911D-01    4.416599D-01    method 1
  87  9   1.57E-04   2.15E-05    2.621045D-01    2.620830D-01    method 1
  88 10   3.69E-05  -1.08E-05    5.268338D-01    5.268446D-01    method 1
  89  8   4.79E-04  -8.07E-05    9.472828D-01    9.473635D-01    method 1
  90  8   2.35E-04   1.84E-05    9.259415D-01    9.259230D-01    method 1
  91  3   6.59E-06   7.32E-06    3.121284D-01    3.121210D-01    method 1
  92  4   9.10E-06   5.26E-06    2.657853D-01    2.657800D-01    method 1
  93  2   1.17E-05   5.92E-06    4.416662D-01    4.416603D-01    method 1
  94  5   5.58E-05  -9.90E-06    4.593883D-01    4.593982D-01    method 1
  95  9   2.92E-04   4.48E-05    9.181508D-01    9.181060D-01    method 1
  96  9   1.58E-04  -1.87E-05    9.396887D-01    9.397074D-01    method 1
  97  9   5.80E-05   4.75E-06    9.397037D-01    9.396989D-01    method 1
  98  8   1.75E-04  -2.29E-05    9.259286D-01    9.259515D-01    method 1
  99  8   5.08E-05  -1.71E-06    9.259423D-01    9.259440D-01    method 1
 100  7   8.04E-05   1.66E-05    9.874860D-01    9.874693D-01    method 1
 101  7   8.66E-06  -1.72E-06    3.636319D-01    3.636337D-01    method 1
 102  1   1.63E-06  -1.05E-06    3.387942D+00    3.387943D+00    method 1
 103 10   3.27E-05   1.18E-05    4.635280D-01    4.635163D-01    method 1
 104 10   4.61E-06   3.02E-06    4.635210D-01    4.635180D-01    method 1
 105  9   1.82E-06   3.23E-06    9.397004D-01    9.396971D-01    method 1
 106  5   2.00E-05  -3.37E-06    1.029020D+00    1.029023D+00    method 1
 107  6   5.37E-05   9.26E-06    1.009044D+00    1.009035D+00    method 1
 108  6   2.52E-06   1.63E-06    1.009037D+00    1.009035D+00    method 1
 109  8   6.34E-05  -1.09E-05    9.259435D-01    9.259545D-01    method 1
 110  8   3.28E-05  -2.70E-06    2.865789D-01    2.865816D-01    method 1
 111  8   8.92E-06  -1.04E-06    9.259499D-01    9.259509D-01    method 1
 112  5   3.55E-06  -5.10E-07    4.593947D-01    4.593952D-01    method 1
 113  2   3.77E-06   1.51E-06    4.416609D-01    4.416593D-01    method 1
 114  4   4.18E-06   1.46E-06    3.222601D-01    3.222587D-01    method 1
 115  8   4.01E-06   5.73E-07    8.741125D-01    8.741119D-01    method 1
 116  7   1.12E-06  -7.03E-07    4.201295D-01    4.201302D-01    method 1
 117  3   4.13E-06   1.32E-06    3.121218D-01    3.121205D-01    method 1
 118  1   3.84E-08   9.67E-08    1.066805D+00    1.066805D+00    method 1
 119  2   4.07E-08   2.16E-07    2.980517D-01    2.980515D-01    method 1
 120  3   4.97E-08   1.99E-07    2.570332D-01    2.570330D-01    method 1
 121  4   1.32E-08   1.93E-07    2.165286D-01    2.165284D-01    method 1
 122  5   3.76E-07  -1.32E-07   -6.848588D-01   -6.848587D-01    method 1
 123  6   4.78E-06   1.45E-06    1.009035D+00    1.009034D+00    method 1
 124  7   7.45E-07  -4.78E-08   -6.214359D-01   -6.214358D-01    method 1
 125  8   4.40E-06  -5.90E-07    9.473562D-01    9.473568D-01    method 1
 126  9   1.05E-05   2.49E-06    9.181195D-01    9.181170D-01    method 1
 127 10   1.81E-06  -4.26E-07   -2.359818D-01   -2.359814D-01    method 1
 128  9   8.82E-06  -1.05E-06    9.396955D-01    9.396966D-01    method 1
 129  9   3.25E-06   2.63E-07    9.181181D-01    9.181178D-01    method 1
 130  1   3.11E-08   8.92E-08    2.730047D+00    2.730046D+00    method 1
 131  2   2.30E-07   6.77E-08    3.651978D-01    3.651977D-01    method 1
 132  3   2.78E-07   5.93E-08    3.121204D-01    3.121204D-01    method 1
 133  4   2.85E-07   7.27E-08    3.861128D-01    3.861127D-01    method 1
 134  5   1.02E-06  -2.55E-07    1.029022D+00    1.029023D+00    method 1
 135  6   1.60E-06   1.73E-07    4.078757D-01    4.078755D-01    method 1
 136  7   9.67E-07  -2.18E-07    1.051709D+00    1.051710D+00    method 1
 137  8   4.22E-06  -9.19E-07    9.259508D-01    9.259517D-01    method 1
 138  9   3.47E-06   7.10E-07    9.181179D-01    9.181172D-01    method 1
 139 10   6.34E-07   3.55E-07    4.267678D-01    4.267675D-01    method 1
etot    -1.5187194D+03
coul     6.0775320D+02
ech.    -1.8068567D+01
mag.     6.6186949D-01
ret.    -6.0879903D-02
   1  1   2.96E-02  -2.69E-02    3.363361D+00    3.390304D+00    method 1
   2  2   6.27E-03  -3.98E-02    1.484628D+00    1.524395D+00    method 1
   3  3   1.00E-02  -2.02E-02    4.294098D-02    6.318431D-02    method 1
   4  4   1.84E-02  -2.37E-02    1.784309D+00    1.807962D+00    method 1
   5  5   3.84E-01  -6.96E-02    3.978194D-01    4.674573D-01    method 1
   6  6   6.08E-01  -1.07E-01    3.179501D-01    4.246697D-01    method 1
   7  7   6.52E-01  -1.09E-01    3.278113D-01    4.363183D-01    method 1
   8  8   3.54E+00   2.88E-01    1.121888D+00    8.334948D-01    method 1
   9  9   2.46E+00  -2.15E-01    1.955192D-01    4.100679D-01    method 1
  10 10   1.17E+00   3.54E-01    7.447855D-01    3.905302D-01    method 1
  11 10   2.39E-02   2.50E-01    6.559750D-01    4.055428D-01    method 1
  12  8   4.31E-01   9.52E-02    1.031097D+00    9.359039D-01    method 1
  13 10   3.96E-02   1.30E-01    5.633355D-01    4.335430D-01    method 1
  14  9   3.64E-01  -7.53E-02    3.372631D-01    4.126050D-01    method 1
  15 10   2.92E-02   4.67E-02    5.001077D-01    4.533774D-01    method 1
  16  7   2.18E-01  -2.29E-02   -5.341524D-01   -5.112663D-01    method 1
  17  6   2.16E-01  -2.45E-02    3.504380D-01    3.749526D-01    method 1
  18  8   2.00E-01  -1.65E-02    5.600711D-01    5.765907D-01    method 1
  19  9   8.57E-02  -2.75E-02    4.092297D-01    4.367403D-01    method 1
  20  5   1.72E-01  -2.54E-02    1.834163D-02    4.375116D-02    method 1
  21 10   1.61E-02  -1.11E-02   -3.041323D-01   -2.930716D-01    method 1
  22  2   4.16E-02  -3.15E-02    1.496614D+00    1.528070D+00    method 1
  23  2   4.42E-04  -1.88E-02    1.627070D+00    1.645894D+00    method 1
  24  9   1.90E-02  -1.02E-02    4.230361D-01    4.332386D-01    method 1
  25  1   5.68E-03  -1.87E-02    3.371467D+00    3.390215D+00    method 1
  26  5   4.19E-03  -1.49E-02    1.485878D-01    1.635141D-01    method 1
  27  6   1.34E-02  -1.15E-02    3.602701D-01    3.717764D-01    method 1
  28  4   4.92E-02   2.19E-02    8.011575D-01    7.792688D-01    method 1
  29  7   1.98E-02  -1.09E-02   -3.035408D-01   -2.926287D-01    method 1
  30  4   1.89E-04   1.74E-02    7.967905D-01    7.794388D-01    method 1
  31  3   4.71E-02   1.31E-02    1.091928D+00    1.078793D+00    method 1
  32  2   1.27E-04  -8.80E-03    1.636502D+00    1.645297D+00    method 1
  33  1   3.68E-04  -1.11E-02    3.378979D+00    3.390053D+00    method 1
  34  4   1.05E-03   1.18E-02    6.958287D-01    6.840551D-01    method 1
  35  8   4.16E-02   1.43E-02    7.871713D-02    6.443037D-02    method 1
  36  5   9.20E-04  -5.91E-03    1.560524D-01    1.619581D-01    method 1
  37  8   8.18E-04   1.14E-02    7.586224D-02    6.444739D-02    method 1
  38  3   1.18E-03   9.97E-03    1.089311D+00    1.079337D+00    method 1
  39  4   8.11E-04   6.91E-03    6.911233D-01    6.842153D-01    method 1
  40  6   2.53E-03  -7.06E-03    3.660294D-01    3.730869D-01    method 1
  41  8   3.31E-04   8.01E-03    7.243976D-02    6.443464D-02    method 1
  42  1   3.41E-04  -5.41E-03    3.384521D+00    3.389928D+00    method 1
  43 10   1.06E-03  -3.05E-03   -2.935720D-01   -2.905221D-01    method 1
  44  7   7.69E-04  -5.05E-03    3.192293D-01    3.242753D-01    method 1
  45  9   8.85E-03  -2.51E-03    5.167442D-01    5.192573D-01    method 1
  46  3   1.85E-05  -6.84E-03    4.234012D-02    4.917843D-02    method 1
  47  2   6.47E-04  -2.97E-03    1.641783D+00    1.644751D+00    method 1
  48  8   4.95E-03   5.54E-03    8.364306D-02    7.810025D-02    method 1
  49  6   7.21E-04  -2.71E-03    3.702663D-01    3.729716D-01    method 1
  50  4   1.03E-04   3.29E-03    6.876707D-01    6.843766D-01    method 1
  51  3   4.92E-04  -5.56E-03    4.370791D-02    4.926976D-02    method 1
  52  5   6.54E-04  -1.78E-03    1.595961D-01    1.613809D-01    method 1
  53  3   5.45E-05  -3.93E-03    4.537658D-02    4.930566D-02    method 1
  54  8   1.48E-03   2.64E-03    8.087227D-02    7.822753D-02    method 1
  55  1   8.60E-05  -2.11E-03    3.387766D+00    3.389879D+00    method 1
  56  7   8.49E-04  -1.95E-03    3.222579D-01    3.242091D-01    method 1
  57  3   2.30E-05  -2.39E-03    4.694828D-02    4.933656D-02    method 1
  58  4   2.80E-04   1.19E-03    6.856946D-01    6.845022D-01    method 1
  59 10   1.88E-04   8.04E-04    1.600181D-01    1.592138D-01    method 1
  60  2   4.12E-04  -6.73E-04    1.643861D+00    1.644534D+00    method 1
  61  6   7.14E-05  -1.07E-03    3.721603D-01    3.732310D-01    method 1
  62  8   7.87E-04   1.20E-03    9.581723D-02    9.461316D-02    method 1
  63  9   5.41E-04  -8.05E-04    4.741042D-01    4.749093D-01    method 1
  64  3   9.16E-05  -1.24E-03    4.814244D-02    4.938278D-02    method 1
  65  1   2.91E-05  -6.14E-04    3.389245D+00    3.389860D+00    method 1
  66  7   6.05E-04  -4.89E-04    2.735621D-01    2.740514D-01    method 1
  67  5   3.24E-04  -4.31E-04    2.491450D-01    2.495756D-01    method 1
  68  3   5.94E-06  -5.11E-04    4.888665D-02    4.939774D-02    method 1
  69  8   8.67E-04   5.39E-04    1.351011D-01    1.345625D-01    method 1
  70  4   9.58E-05   3.28E-04    5.946685D-01    5.943402D-01    method 1
  71  6   9.72E-05  -2.27E-04    3.730169D-01    3.732435D-01    method 1
  72  9   9.05E-04   1.48E-04    7.668809D-02    7.654021D-02    method 1
  73 10   2.03E-04   3.61E-04    1.315249D-01    1.311637D-01    method 1
  74  2   8.29E-06   1.39E-04    6.030163D-01    6.028772D-01    method 1
  75  1   1.64E-05  -1.18E-04    3.389737D+00    3.389854D+00    method 1
  76  8   6.42E-04  -6.02E-05    5.231185D-01    5.231788D-01    method 1
  77  3   8.46E-05  -1.70E-04    4.924441D-02    4.941408D-02    method 1
  78  7   1.21E-04  -1.48E-04    3.240142D-01    3.241617D-01    method 1
  79  5   1.39E-04  -1.44E-04    2.494895D-01    2.496339D-01    method 1
  80 10   3.68E-05   1.64E-04    1.594008D-01    1.592370D-01    method 1
  81  4   7.76E-06   6.63E-05    4.338543D-01    4.337880D-01    method 1
  82  6   7.40E-05   1.53E-05    2.161941D-01    2.161788D-01    method 1
  83  3   4.87E-06  -3.66E-05    4.938015D-02    4.941676D-02    method 1
  84 10   1.64E-05   4.56E-05    1.592862D-01    1.592405D-01    method 1
  85  9   2.00E-04   8.64E-05    1.560674D-01    1.559810D-01    method 1
  86  7   6.04E-06  -1.65E-05    3.241470D-01    3.241635D-01    method 1
  87  5   3.27E-05  -2.97E-05    3.024555D-01    3.024852D-01    method 1
  88  2   1.47E-06   4.45E-05    6.029189D-01    6.028744D-01    method 1
  89  1   1.48E-06  -1.08E-05    3.389843D+00    3.389853D+00    method 1
  90  9   6.05E-05   9.73E-06    7.652316D-02    7.651343D-02    method 1
  91  4   1.33E-05   6.46E-06    3.025153D-01    3.025089D-01    method 1
  92  8   1.19E-04   3.04E-05    1.346576D-01    1.346272D-01    method 1
  93 10   4.47E-05   3.14E-05    4.669802D-01    4.669489D-01    method 1
  94  2   2.86E-06   1.01E-05    5.093902D-01    5.093800D-01    method 1
  95  3   1.09E-05  -4.94E-06    7.579866D-02    7.580360D-02    method 1
  96 10   4.45E-06  -6.46E-06   -2.913425D-01   -2.913361D-01    method 1
  97  8   3.39E-06   1.15E-05    1.133617D-01    1.133502D-01    method 1
  98  5   6.32E-06  -6.65E-06    3.616757D-01    3.616823D-01    method 1
  99  7   1.77E-06  -3.90E-06    3.791395D-01    3.791434D-01    method 1
 100  6   4.00E-05  -1.49E-05    4.324609D-01    4.324759D-01    method 1
 101  6   4.08E-06  -4.14E-06    4.324714D-01    4.324755D-01    method 1
 102  8   1.29E-05   6.00E-06    1.847476D-01    1.847416D-01    method 1
 103  1   2.94E-07  -1.04E-06    3.389852D+00    3.389853D+00    method 1
 104  2   1.16E-07   1.61E-06    4.250366D-01    4.250350D-01    method 1
 105  9   1.54E-05   4.47E-06    9.443329D-01    9.443285D-01    method 1
 106  9   7.75E-06  -1.21E-06    9.990075D-01    9.990087D-01    method 1
 107  4   8.59E-07   9.68E-07    2.481217D-01    2.481207D-01    method 1
 108  8   2.14E-06   1.07E-06    1.584112D-01    1.584101D-01    method 1
 109  3   7.66E-07  -4.62E-07    2.698514D-02    2.698560D-02    method 1
 110  9   3.86E-06   6.67E-07    9.443299D-01    9.443292D-01    method 1
 111  5   3.96E-06  -5.55E-07    1.004712D-01    1.004717D-01    method 1
 112  1   1.20E-08  -1.15E-07    3.458719D+00    3.458719D+00    method 1
 113  2   2.48E-07   2.83E-07    3.501285D-01    3.501283D-01    method 1
 114  3   6.17E-08  -5.22E-08    3.279107D-02    3.279113D-02    method 1
 115  4   1.15E-07   1.33E-07    2.009991D-01    2.009990D-01    method 1
 116  5   6.66E-08  -8.70E-08    7.701950D-02    7.701959D-02    method 1
 117  6   8.99E-08   9.34E-07    9.791253D-01    9.791244D-01    method 1
 118  7   3.77E-06  -9.26E-07    9.765022D-01    9.765031D-01    method 1
 119  8   7.87E-07  -8.95E-08    4.787225D-01    4.787225D-01    method 1
 120  9   7.57E-07   5.15E-08    8.046642D-01    8.046641D-01    method 1
 121 10   1.14E-06   1.82E-06   -2.913374D-01   -2.913392D-01    method 1
etot    -1.4861363D+03
coul     5.7258876D+02
ech.    -1.6778168D+01
mag.     6.1378472D-01
ret.    -5.7307278D-02
   1  1   2.96E-02  -2.69E-02    3.363361D+00    3.390304D+00    method 1
   2  2   6.27E-03  -3.98E-02    1.484628D+00    1.524395D+00    method 1
   3  3   1.00E-02  -2.02E-02    4.294098D-02    6.318431D-02    method 1
   4  4   1.84E-02  -2.37E-02    1.784309D+00    1.807962D+00    method 1
   5  5   3.84E-01  -6.96E-02    3.978194D-01    4.674573D-01    method 1
   6  6   6.08E-01  -1.07E-01    3.179501D-01    4.246697D-01    method 1
   7  7   6.52E-01  -1.09E-01    3.278113D-01    4.363183D-01    method 1
   8  8   3.54E+00   2.88E-01    1.121888D+00    8.334948D-01    method 1
   9  9   2.46E+00  -2.15E-01    1.955192D-01    4.100679D-01    method 1
  10 10   1.17E+00   3.54E-01    7.447855D-01    3.905302D-01    method 1
  11 10   2.39E-02   2.50E-01    6.559750D-01    4.055428D-01    method 1
  12  8   4.31E-01   9.52E-02    1.031097D+00    9.359039D-01    method 1
  13 10   3.96E-02   1.30E-01    5.633355D-01    4.335430D-01    method 1
  14  9   3.64E-01  -7.53E-02    3.372631D-01    4.126050D-01    method 1
  15 10   2.92E-02   4.67E-02    5.001077D-01    4.533774D-01    method 1
  16  7   2.18E-01  -2.29E-02   -5.341524D-01   -5.112663D-01    method 1
  17  6   2.16E-01  -2.45E-02    3.504380D-01    3.749526D-01    method 1
  18  8   2.00E-01  -1.65E-02    5.600711D-01    5.765907D-01    method 1
  19  9   8.57E-02  -2.75E-02    4.092297D-01    4.367403D-01    method 1
  20  5   1.72E-01  -2.54E-02    1.834163D-02    4.375116D-02    method 1
  21 10   1.61E-02  -1.11E-02   -3.041323D-01   -2.930716D-01    method 1
  22  2   4.16E-02  -3.15E-02    1.496614D+00    1.528070D+00    method 1
  23  2   4.42E-04  -1.88E-02    1.627070D+00    1.645894D+00    method 1
  24  9   1.90E-02  -1.02E-02    4.230361D-01    4.332386D-01    method 1
  25  1   5.68E-03  -1.87E-02    3.371467D+00    3.390215D+00    method 1
  26  5   4.19E-03  -1.49E-02    1.485878D-01    1.635141D-01    method 1
  27  6   1.34E-02  -1.15E-02    3.602701D-01    3.717764D-01    method 1
  28  4   4.92E-02   2.19E-02    8.011575D-01    7.792688D-01    method 1
  29  7   1.98E-02  -1.09E-02   -3.035408D-01   -2.926287D-01    method 1
  30  4   1.89E-04   1.74E-02    7.967905D-01    7.794388D-01    method 1
  31  3   4.71E-02   1.31E-02    1.091928D+00    1.078793D+00    method 1
  32  2   1.27E-04  -8.80E-03    1.636502D+00    1.645297D+00    method 1
  33  1   3.68E-04  -1.11E-02    3.378979D+00    3.390053D+00    method 1
  34  4   1.05E-03   1.18E-02    6.958287D-01    6.840551D-01    method 1
  35  8   4.16E-02   1.43E-02    7.871713D-02    6.443037D-02    method 1
  36  5   9.20E-04  -5.91E-03    1.560524D-01    1.619581D-01    method 1
  37  8   8.18E-04   1.14E-02    7.586224D-02    6.444739D-02    method 1
  38  3   1.18E-03   9.97E-03    1.089311D+00    1.079337D+00    method 1
  39  4   8.11E-04   6.91E-03    6.911233D-01    6.842153D-01    method 1
  40  6   2.53E-03  -7.06E-03    3.660294D-01    3.730869D-01    method 1
  41  8   3.31E-04   8.01E-03    7.243976D-02    6.443464D-02    method 1
  42  1   3.41E-04  -5.41E-03    3.384521D+00    3.389928D+00    method 1
  43 10   1.06E-03  -3.05E-03   -2.935720D-01   -2.905221D-01    method 1
  44  7   7.69E-04  -5.05E-03    3.192293D-01    3.242753D-01    method 1
  45  9   8.85E-03  -2.51E-03    5.167442D-01    5.192573D-01    method 1
  46  3   1.85E-05  -6.84E-03    4.234012D-02    4.917843D-02    method 1
  47  2   6.47E-04  -2.97E-03    1.641783D+00    1.644751D+00    method 1
  48  8   4.95E-03   5.54E-03    8.364306D-02    7.810025D-02    method 1
  49  6   7.21E-04  -2.71E-03    3.702663D-01    3.729716D-01    method 1
  50  4   1.03E-04   3.29E-03    6.876707D-01    6.843766D-01    method 1
  51  3   4.92E-04  -5.56E-03    4.370791D-02    4.926976D-02    method 1
  52  5   6.54E-04  -1.78E-03    1.595961D-01    1.613809D-01    method 1
  53  3   5.45E-05  -3.93E-03    4.537658D-02    4.930566D-02    method 1
  54  8   1.48E-03   2.64E-03    8.087227D-02    7.822753D-02    method 1
  55  1   8.60E-05  -2.11E-03    3.387766D+00    3.389879D+00    method 1
  56  7   8.49E-04  -1.95E-03    3.222579D-01    3.242091D-01    method 1
  57  3   2.30E-05  -2.39E-03    4.694828D-02    4.933656D-02    method 1
  58  4   2.80E-04   1.19E-03    6.856946D-01    6.845022D-01    method 1
  59 10   1.88E-04   8.04E-04    1.600181D-01    1.592138D-01    method 1
  60  2   4.12E-04  -6.73E-04    1.643861D+00    1.644534D+00    method 1
  61  6   7.14E-05  -1.07E-03    3.721603D-01    3.732310D-01    method 1
  62  8   7.87E-04   1.20E-03    9.581723D-02    9.461316D-02    method 1
  63  9   5.41E-04  -8.05E-04    4.741042D-01    4.749093D-01    method 1
  64  3   9.16E-05  -1.24E-03    4.814244D-02    4.938278D-02    method 1
  65  1   2.91E-05  -6.14E-04    3.389245D+00    3.389860D+00    method 1
  66  7   6.05E-04  -4.89E-04    2.735621D-01    2.740514D-01    method 1
  67  5   3.24E-04  -4.31E-04    2.491450D-01    2.495756D-01    method 1
  68  3   5.94E-06  -5.11E-04    4.888665D-02    4.939774D-02    method 1
  69  8   8.67E-04   5.39E-04    1.351011D-01    1.345625D-01    method 1
  70  4   9.58E-05   3.28E-04    5.946685D-01    5.943402D-01    method 1
  71  6   9.72E-05  -2.27E-04    3.730169D-01    3.732435D-01    method 1
  72  9   9.05E-04   1.48E-04    7.668809D-02    7.654021D-02    method 1
  73 10   2.03E-04   3.61E-04    1.315249D-01    1.311637D-01    method 1
  74  2   8.29E-06   1.39E-04    6.030163D-01    6.028772D-01    method 1
  75  1   1.64E-05  -1.18E-04    3.389737D+00    3.389854D+00    method 1
  76  8   6.42E-04  -6.02E-05    5.231185D-01    5.231788D-01    method 1
  77  3   8.46E-05  -1.70E-04    4.924441D-02    4.941408D-02    method 1
  78  7   1.21E-04  -1.48E-04    3.240142D-01    3.241617D-01    method 1
  79  5   1.39E-04  -1.44E-04    2.494895D-01    2.496339D-01    method 1
  80 10   3.68E-05   1.64E-04    1.594008D-01    1.592370D-01    method 1
  81  4   7.76E-06   6.63E-05    4.338543D-01    4.337880D-01    method 1
  82  6   7.40E-05   1.53E-05    2.161941D-01    2.161788D-01    method 1
  83  3   4.87E-06  -3.66E-05    4.938015D-02    4.941676D-02    method 1
  84 10   1.64E-05   4.56E-05    1.592862D-01    1.592405D-01    method 1
  85  9   2.00E-04   8.64E-05    1.560674D-01    1.559810D-01    method 1
  86  7   6.04E-06  -1.65E-05    3.241470D-01    3.241635D-01    method 1
  87  5   3.27E-05  -2.97E-05    3.024555D-01    3.024852D-01    method 1
  88  2   1.47E-06   4.45E-05    6.029189D-01    6.028744D-01    method 1
  89  1   1.48E-06  -1.08E-05    3.389843D+00    3.389853D+00    method 1
  90  9   6.05E-05   9.73E-06    7.652316D-02    7.651343D-02    method 1
  91  4   1.33E-05   6.46E-06    3.025153D-01    3.025089D-01    method 1
  92  8   1.19E-04   3.04E-05    1.346576D-01    1.346272D-01    method 1
  93 10   4.47E-05   3.14E-05    4.669802D-01    4.669489D-01    method 1
  94  2   2.86E-06   1.01E-05    5.093902D-01    5.093800D-01    method 1
  95  3   1.09E-05  -4.94E-06    7.579866D-02    7.580360D-02    method 1
  96 10   4.45E-06  -6.46E-06   -2.913425D-01   -2.913361D-01    method 1
  97  8   3.39E-06   1.15E-05    1.133617D-01    1.133502D-01    method 1
  98  5   6.32E-06  -6.65E-06    3.616757D-01    3.616823D-01    method 1
  99  7   1.77E-06  -3.90E-06    3.791395D-01    3.791434D-01    method 1
 100  6   4.00E-05  -1.49E-05    4.324609D-01    4.324759D-01    method 1
 101  6   4.08E-06  -4.14E-06    4.324714D-01    4.324755D-01    method 1
 102  8   1.29E-05   6.00E-06    1.847476D-01    1.847416D-01    method 1
 103  1   2.94E-07  -1.04E-06    3.389852D+00    3.389853D+00    method 1
 104  2   1.16E-07   1.61E-06    4.250366D-01    4.250350D-01    method 1
 105  9   1.54E-05   4.47E-06    9.443329D-01    9.443285D-01    method 1
 106  9   7.75E-06  -1.21E-06    9.990075D-01    9.990087D-01    method 1
 107  4   8.59E-07   9.68E-07    2.481217D-01    2.481207D-01    method 1
 108  8   2.14E-06   1.07E-06    1.584112D-01    1.584101D-01    method 1
 109  3   7.66E-07  -4.62E-07    2.698514D-02    2.698560D-02    method 1
 110  9   3.86E-06   6.67E-07    9.443299D-01    9.443292D-01    method 1
 111  5   3.96E-06  -5.55E-07    1.004712D-01    1.004717D-01    method 1
 112  1   1.20E-08  -1.15E-07    3.458719D+00    3.458719D+00    method 1
 113  2   2.48E-07   2.83E-07    3.501285D-01    3.501283D-01    method 1
 114  3   6.17E-08  -5.22E-08    3.279107D-02    3.279113D-02    method 1
 115  4   1.15E-07   1.33E-07    2.009991D-01    2.009990D-01    method 1
 116  5   6.66E-08  -8.70E-08    7.701950D-02    7.701959D-02    method 1
 117  6   8.99E-08   9.34E-07    9.791253D-01    9.791244D-01    method 1
 118  7   3.77E-06  -9.26E-07    9.765022D-01    9.765031D-01    method 1
 119  8   7.87E-07  -8.95E-08    4.787225D-01    4.787225D-01    method 1
 120  9   7.57E-07   5.15E-08    8.046642D-01    8.046641D-01    method 1
 121 10   1.14E-06   1.82E-06   -2.913374D-01   -2.913392D-01    method 1
etot    -1.4861363D+03
coul     5.7258876D+02
ech.    -1.6778168D+01
mag.     6.1378472D-01
ret.    -5.7307278D-02
   1  1   2.92E-02  -2.68E-02    3.363361D+00    3.390144D+00    method 1
   2  2   6.94E-03  -3.92E-02    1.484628D+00    1.523812D+00    method 1
   3  3   1.66E-02  -2.10E-02    1.814450D+00    1.835478D+00    method 1
   4  4   1.81E-02  -1.89E-02    4.560744D-02    6.451911D-02    method 1
   5  5   3.84E-01  -6.98E-02    3.978194D-01    4.676012D-01    method 1
   6  6   6.05E-01  -1.03E-01    3.179501D-01    4.210456D-01    method 1
   7  7   6.44E-01  -1.09E-01    3.278113D-01    4.372594D-01    method 1
   8  8   3.34E+00   2.70E-01    1.121888D+00    8.522324D-01    method 1
   9  9   2.62E+00  -2.26E-01    1.955192D-01    4.214185D-01    method 1
  10 10   1.17E+00   3.55E-01    7.447855D-01    3.898674D-01    method 1
  11 10   2.39E-02   2.51E-01    6.558312D-01    4.049119D-01    method 1
  12  8   4.23E-01   8.61E-02    1.057235D+00    9.711340D-01    method 1
  13 10   3.85E-02   1.31E-01    5.630181D-01    4.318391D-01    method 1
  14  9   3.74E-01  -8.09E-02    3.407644D-01    4.216510D-01    method 1
  15 10   3.04E-02   4.64E-02    4.991274D-01    4.527678D-01    method 1
  16  7   2.13E-01  -2.44E-02    3.611567D-01    3.855489D-01    method 1
  17  6   2.18E-01  -2.13E-02    3.493065D-01    3.705924D-01    method 1
  18  8   1.95E-01  -1.35E-02    5.555327D-01    5.690449D-01    method 1
  19  9   9.14E-02  -2.98E-02    4.148419D-01    4.446211D-01    method 1
  20  5   1.72E-01  -2.48E-02    1.822210D-02    4.305973D-02    method 1
  21 10   1.63E-02  -1.09E-02   -2.988877D-01   -2.879492D-01    method 1
  22  2   4.15E-02  -3.10E-02    1.496437D+00    1.527401D+00    method 1
  23  2   4.34E-04  -1.85E-02    1.626695D+00    1.645224D+00    method 1
  24  9   2.41E-02  -1.03E-02    4.728052D-01    4.830963D-01    method 1
  25  1   5.65E-03  -1.86E-02    3.371418D+00    3.390045D+00    method 1
  26  5   4.28E-03  -1.46E-02    1.482158D-01    1.628206D-01    method 1
  27  7   1.69E-02  -1.07E-02    3.157012D-01    3.263564D-01    method 1
  28  6   1.84E-02  -9.50E-03   -2.137565D-01   -2.042535D-01    method 1
  29  3   4.81E-02   1.99E-02    7.828912D-01    7.629517D-01    method 1
  30  3   2.81E-04   1.60E-02    7.789118D-01    7.628961D-01    method 1
  31  4   4.92E-02   1.34E-02    1.007593D+00    9.941805D-01    method 1
  32  1   2.24E-04  -1.10E-02    3.378882D+00    3.389930D+00    method 1
  33  2   1.34E-04  -8.79E-03    1.635978D+00    1.644771D+00    method 1
  34  3   8.69E-04   1.10E-02    7.741142D-01    7.631614D-01    method 1
  35  5   1.78E-03  -6.18E-03    1.555196D-01    1.616959D-01    method 1
  36  8   4.28E-02   1.37E-02    8.835306D-02    7.465402D-02    method 1
  37  8   2.89E-03   1.07E-02    8.561578D-02    7.491576D-02    method 1
  38  4   1.20E-03   1.02E-02    1.004920D+00    9.946780D-01    method 1
  39  1   3.00E-04  -5.42E-03    3.384410D+00    3.389830D+00    method 1
  40  3   9.23E-04   6.38E-03    7.697368D-01    7.633594D-01    method 1
  41 10   1.62E-03  -2.99E-03   -2.934224D-01   -2.904358D-01    method 1
  42  8   3.46E-03   7.17E-03    8.240771D-02    7.524140D-02    method 1
  43  7   3.06E-03  -6.58E-03    3.762287D-01    3.828136D-01    method 1
  44  9   8.95E-03  -2.69E-03    5.231673D-01    5.258610D-01    method 1
  45  4   1.41E-04   6.91E-03    1.001854D+00    9.949443D-01    method 1
  46  6   3.56E-04  -4.74E-03    3.078865D-01    3.126232D-01    method 1
  47  2   7.26E-04  -2.99E-03    1.641258D+00    1.644250D+00    method 1
  48  8   5.19E-03   5.05E-03    9.558341D-02    9.053737D-02    method 1
  49  4   4.19E-04   4.01E-03    9.990945D-01    9.950810D-01    method 1
  50  7   8.42E-04  -2.69E-03    3.801817D-01    3.828701D-01    method 1
  51  3   2.58E-04   2.89E-03    6.717722D-01    6.688855D-01    method 1
  52  5   1.73E-04  -1.59E-03    3.912682D-02    4.071509D-02    method 1
  53  1   1.81E-04  -2.08E-03    3.315533D+00    3.317611D+00    method 1
  54  8   1.15E-03   2.46E-03    7.702348D-02    7.456140D-02    method 1
  55  6   1.78E-04  -2.11E-03    3.107294D-01    3.128414D-01    method 1
  56  4   1.93E-04  -1.99E-03    4.799715D-02    4.998599D-02    method 1
  57  2   3.85E-04  -7.06E-04    1.643353D+00    1.644058D+00    method 1
  58 10   2.81E-04   7.71E-04    1.320491D-01    1.312782D-01    method 1
  59  3   2.28E-04   1.10E-03    6.700404D-01    6.689410D-01    method 1
  60  9   1.58E-03   6.09E-04    7.169181D-01    7.163091D-01    method 1
  61  7   9.80E-05  -8.78E-04    3.820639D-01    3.829415D-01    method 1
  62  8   1.97E-04   1.06E-03    9.158849D-02    9.052896D-02    method 1
  63  6   3.49E-04  -6.08E-04    3.122079D-01    3.128159D-01    method 1
  64  1   4.53E-05  -6.05E-04    3.389117D+00    3.389722D+00    method 1
  65  4   9.13E-05  -1.23E-03    4.879270D-02    5.001858D-02    method 1
  66  5   2.01E-06  -5.63E-04    2.493562D-01    2.499193D-01    method 1
  67  4   3.13E-05  -6.26E-04    4.940565D-02    5.003165D-02    method 1
  68  3   4.78E-05   3.03E-04    5.802566D-01    5.799534D-01    method 1
  69  8   4.72E-04   2.78E-04    7.480703D-02    7.452951D-02    method 1
  70  7   5.42E-05  -2.55E-04    3.827660D-01    3.830211D-01    method 1
  71 10   1.10E-04   3.73E-04    1.316637D-01    1.312909D-01    method 1
  72  2   3.96E-05   1.16E-04    6.033482D-01    6.032323D-01    method 1
  73  4   2.80E-05  -2.62E-04    4.978125D-02    5.004351D-02    method 1
  74  9   9.61E-04   3.60E-04    9.660252D-02    9.624248D-02    method 1
  75  6   7.26E-05  -1.31E-04    3.126943D-01    3.128258D-01    method 1
  76  1   2.34E-05  -1.10E-04    3.317472D+00    3.317582D+00    method 1
  77  5   3.03E-05  -1.39E-04    2.498067D-01    2.499460D-01    method 1
  78 10   7.59E-05   1.30E-04    1.314400D-01    1.313096D-01    method 1
  79  9   1.60E-04   1.40E-04    1.153723D-01    1.152326D-01    method 1
  80  3   1.69E-05   6.43E-05    4.975279D-01    4.974636D-01    method 1
  81  8   2.89E-05   6.63E-05    9.062927D-02    9.056294D-02    method 1
  82  4   2.45E-05  -8.30E-05    4.996483D-02    5.004782D-02    method 1
  83  7   7.17E-06  -3.65E-05    3.829956D-01    3.830321D-01    method 1
  84  9   9.72E-05   1.79E-05    6.503937D-02    6.502146D-02    method 1
  85  5   3.85E-05  -3.00E-05    3.028016D-01    3.028315D-01    method 1
  86  6   2.14E-05  -2.25E-05    3.669946D-01    3.670170D-01    method 1
  87 10   6.40E-05   5.94E-05    4.665143D-01    4.664550D-01    method 1
  88  2   1.47E-05   3.46E-05    5.097497D-01    5.097151D-01    method 1
  89  1   2.83E-06  -1.01E-05    3.317571D+00    3.317581D+00    method 1
  90  4   3.88E-06  -1.78E-05    5.003122D-02    5.004901D-02    method 1
  91  8   2.16E-05  -1.31E-05    9.778598D-01    9.778729D-01    method 1
  92  3   5.62E-06   6.78E-06    3.540336D-01    3.540269D-01    method 1
  93 10   8.12E-08   1.12E-05    4.664668D-01    4.664556D-01    method 1
  94  7   2.59E-05  -1.22E-06    1.095173D+00    1.095174D+00    method 1
  95  2   2.56E-06   7.61E-06    5.097221D-01    5.097145D-01    method 1
  96  5   4.02E-06  -4.94E-06    3.028285D-01    3.028335D-01    method 1
  97  6   6.39E-06   3.21E-06    8.358831D-01    8.358799D-01    method 1
  98  9   4.97E-05   1.02E-05    2.161008D-01    2.160907D-01    method 1
  99  4   3.08E-06  -2.25E-06    6.223478D-02    6.223703D-02    method 1
 100  8   2.81E-05  -4.28E-06    4.276818D-01    4.276861D-01    method 1
 101 10   4.71E-07   1.66E-06    3.601209D-01    3.601192D-01    method 1
 102  9   4.20E-06   6.32E-07    1.606240D-01    1.606234D-01    method 1
 103  1   4.77E-07  -8.97E-07    3.389710D+00    3.389711D+00    method 1
 104  8   6.45E-06  -9.00E-07    1.003498D+00    1.003499D+00    method 1
 105  7   2.35E-06  -6.32E-07   -6.730842D-01   -6.730836D-01    method 1
 106  8   7.45E-07  -1.36E-08    3.858179D-01    3.858179D-01    method 1
 107  6   2.79E-06  -1.55E-06    4.259248D-01    4.259264D-01    method 1
 108  3   3.73E-07   1.06E-06    2.935244D-01    2.935234D-01    method 1
 109  1   8.42E-09   8.76E-08    9.354148D-01    9.354147D-01    method 1
 110  2   4.33E-07   1.07E-06    4.253427D-01    4.253416D-01    method 1
 111  3   6.30E-08   1.54E-07    2.404612D-01    2.404611D-01    method 1
 112  4   4.98E-07  -2.14E-07    5.004923D-02    5.004945D-02    method 1
 113  5   8.89E-07  -1.10E-06    3.620565D-01    3.620576D-01    method 1
 114  6   5.41E-07  -4.23E-07    4.259259D-01    4.259263D-01    method 1
 115  7   8.35E-07  -1.79E-07    9.600888D-01    9.600890D-01    method 1
 116  8   1.05E-06  -2.10E-07    9.778674D-01    9.778676D-01    method 1
 117  9   7.77E-07  -1.18E-07    3.960762D-01    3.960763D-01    method 1
 118 10   4.28E-07  -4.37E-07   -2.963201D-01   -2.963197D-01    method 1
etot    -1.4867969D+03
coul     5.7344520D+02
ech.    -1.7261791D+01
mag.     6.2935202D-01
ret.    -5.5027575D-02
   1  1   3.52E-02  -2.97E-02    3.358781D+00    3.388520D+00    method 1
   2  2   2.53E-02  -4.24E-02    1.462989D+00    1.505373D+00    method 1
   3  3   1.23E-02  -2.19E-02    1.729043D+00    1.750908D+00    method 1
   4  4   9.74E-03  -2.30E-02    1.758868D+00    1.781898D+00    method 1
   5  5   2.80E-01  -4.45E-02    3.193503D-01    3.638027D-01    method 1
   6  6   5.04E-01  -7.46E-02    3.230728D-01    3.976365D-01    method 1
   7  7   5.64E-01  -7.88E-02    3.332067D-01    4.119910D-01    method 1
   8  8   2.02E+01   6.34E-01    1.070589D+00    4.364251D-01    method 1
   9  9   2.88E+00  -1.69E-01    1.602111D-01    3.292592D-01    method 1
  10 10   1.37E+00   3.02E-01    6.949624D-01    3.928658D-01    method 1
  11  8   8.62E-01   8.93E-02    9.522473D-02    5.947218D-03    method 1
  12 10   7.24E-02   2.32E-01    6.552763D-01    4.228461D-01    method 1
  13 10   5.64E-02   1.27E-01    5.345608D-01    4.070892D-01    method 1
  14  9   4.10E-01  -6.08E-02    2.728016D-01    3.336358D-01    method 1
  15 10   5.84E-02   4.14E-02    4.727034D-01    4.313479D-01    method 1
  16  8   2.79E-01   5.82E-02    6.331745D-02    5.154460D-03    method 1
  17  7   2.48E-01  -1.70E-02    7.112149D-02    8.812925D-02    method 1
  18  6   2.42E-01  -1.62E-02    9.424107D-02    1.104644D-01    method 1
  19  9   1.13E-02  -3.16E-02    2.973729D-01    3.289885D-01    method 1
  20  8   9.03E-03   2.94E-02    3.613959D-02    6.697537D-03    method 1
  21  5   1.76E-01  -2.78E-02    4.645439D-01    4.923613D-01    method 1
  22  2   3.45E-02  -3.16E-02    1.475769D+00    1.507384D+00    method 1
  23 10   7.04E-02   2.89E-02    4.850525D-01    4.561088D-01    method 1
  24  9   2.95E-02  -1.24E-02    3.470716D-01    3.594847D-01    method 1
  25  2   1.07E-03  -1.90E-02    1.488462D+00    1.507434D+00    method 1
  26  1   4.42E-03  -2.06E-02    3.367730D+00    3.388351D+00    method 1
  27  8   1.47E-02   1.22E-02    2.068856D-02    8.523126D-03    method 1
  28 10   1.33E-02  -3.28E-03   -2.392005D-01   -2.359189D-01    method 1
  29  5   6.40E-03  -1.66E-02    4.756844D-01    4.922584D-01    method 1
  30  4   4.21E-02   1.94E-02    7.293654D-01    7.100038D-01    method 1
  31  3   4.02E-02   1.78E-02    7.114225D-01    6.936069D-01    method 1
  32  1   3.47E-04  -1.22E-02    3.375994D+00    3.388243D+00    method 1
  33  4   8.92E-04   1.51E-02    7.255010D-01    7.103568D-01    method 1
  34  2   1.95E-03  -8.60E-03    1.497966D+00    1.506567D+00    method 1
  35  3   1.26E-03   1.37E-02    7.078659D-01    6.941274D-01    method 1
  36  7   1.03E-02  -8.52E-03    3.620747D-01    3.705922D-01    method 1
  37  5   6.78E-04  -6.68E-03    4.839765D-01    4.906606D-01    method 1
  38  6   1.16E-02  -7.98E-03    3.875592D-01    3.955388D-01    method 1
  39  4   1.18E-03   1.01E-02    7.209641D-01    7.108553D-01    method 1
  40  3   8.79E-04   9.30E-03    7.037493D-01    6.944538D-01    method 1
  41  9   8.14E-03   7.11E-03    9.231060D-01    9.159927D-01    method 1
  42  1   4.45E-04  -5.94E-03    3.382124D+00    3.388061D+00    method 1
  43  8   9.44E-03   3.58E-03    9.999685D-03    6.422032D-03    method 1
  44  4   9.26E-05   5.86E-03    7.169238D-01    7.110607D-01    method 1
  45  3   1.95E-05   5.46E-03    7.000337D-01    6.945785D-01    method 1
  46  2   7.03E-04  -2.71E-03    1.503131D+00    1.505844D+00    method 1
  47  7   2.55E-03  -3.47E-03    5.601185D-01    5.635914D-01    method 1
  48  6   2.55E-03  -3.29E-03    5.858128D-01    5.891005D-01    method 1
  49  9   1.41E-02   1.61E-03    7.728295D-01    7.712204D-01    method 1
  50  5   2.41E-03  -2.38E-03    8.332433D-01    8.356198D-01    method 1
  51  1   1.61E-04  -2.31E-03    3.385687D+00    3.387993D+00    method 1
  52  4   6.07E-04   2.67E-03    6.230568D-01    6.203892D-01    method 1
  53  3   4.39E-04   2.57E-03    6.973070D-01    6.947418D-01    method 1
  54  8   3.69E-03   8.47E-04    3.112604D-02    3.027870D-02    method 1
  55  7   1.69E-04  -1.06E-03    6.566353D-01    6.577001D-01    method 1
  56  6   1.50E-04  -1.06E-03    7.725032D-01    7.735599D-01    method 1
  57 10   3.70E-03   9.95E-04    2.154697D-01    2.144750D-01    method 1
  58  2   2.26E-04  -6.80E-04    1.505030D+00    1.505711D+00    method 1
  59  4   3.60E-04   9.55E-04    6.214564D-01    6.205018D-01    method 1
  60  3   2.49E-04   9.91E-04    6.059427D-01    6.049514D-01    method 1
  61  5   6.25E-04  -3.85E-04    9.366887D-01    9.370738D-01    method 1
  62  1   1.28E-04  -6.48E-04    3.315197D+00    3.315845D+00    method 1
  63  9   1.78E-04   9.13E-04    7.372073D-01    7.362946D-01    method 1
  64  7   9.15E-05  -2.50E-04    1.833567D-01    1.836071D-01    method 1
  65  6   4.24E-05  -2.48E-04    8.586146D-01    8.588621D-01    method 1
  66 10   7.22E-05   5.14E-04    2.149725D-01    2.144588D-01    method 1
  67  3   8.91E-06   3.12E-04    6.052488D-01    6.049370D-01    method 1
  68  4   8.62E-05   2.48E-04    5.358421D-01    5.355938D-01    method 1
  69  9   2.18E-03   2.22E-04    1.371864D-01    1.369639D-01    method 1
  70  8   7.65E-04   2.51E-04    2.275218D-01    2.272709D-01    method 1
  71  2   1.20E-04   9.09E-05    5.274658D-01    5.273749D-01    method 1
  72  1   1.05E-05  -1.24E-04    3.315715D+00    3.315840D+00    method 1
  73 10   6.87E-04   9.79E-05    3.010418D-01    3.009439D-01    method 1
  74  5   3.25E-05  -9.79E-05    1.028913D+00    1.029010D+00    method 1
  75  3   9.03E-05   5.20E-05    4.443880D-01    4.443360D-01    method 1
  76  8   4.21E-04   5.25E-05    7.790677D-01    7.790151D-01    method 1
  77  7   4.37E-04  -1.28E-04    3.114007D-01    3.115290D-01    method 1
  78  4   5.85E-05   4.70E-05    3.861612D-01    3.861142D-01    method 1
  79  6   4.01E-04  -1.00E-04    2.541093D-01    2.542093D-01    method 1
  80  9   5.80E-04   6.87E-05    7.365830D-01    7.365143D-01    method 1
  81  7   1.07E-04  -1.68E-05    9.874708D-01    9.874876D-01    method 1
  82  1   4.13E-07  -1.16E-05    3.387931D+00    3.387943D+00    method 1
  83  6   5.23E-05  -7.97E-06    9.377397D-01    9.377476D-01    method 1
  84 10   1.39E-04  -5.79E-05    4.969575D-01    4.970154D-01    method 1
  85  5   6.11E-05  -3.04E-05    1.029001D+00    1.029031D+00    method 1
  86  2   1.22E-05   3.12E-05    4.416911D-01    4.416599D-01    method 1
  87  9   1.57E-04   2.15E-05    2.621045D-01    2.620830D-01    method 1
  88 10   3.69E-05  -1.08E-05    5.268338D-01    5.268446D-01    method 1
  89  8   4.79E-04  -8.07E-05    9.472828D-01    9.473635D-01    method 1
  90  8   2.35E-04   1.84E-05    9.259415D-01    9.259230D-01    method 1
  91  3   6.59E-06   7.32E-06    3.121284D-01    3.121210D-01    method 1
  92  4   9.10E-06   5.26E-06    2.657853D-01    2.657800D-01    method 1
  93  2   1.17E-05   5.92E-06    4.416662D-01    4.416603D-01    method 1
  94  5   5.58E-05  -9.90E-06    4.593883D-01    4.593982D-01    method 1
  95  9   2.92E-04   4.48E-05    9.181508D-01    9.181060D-01    method 1
  96  9   1.58E-04  -1.87E-05    9.396887D-01    9.397074D-01    method 1
  97  9   5.80E-05   4.75E-06    9.397037D-01    9.396989D-01    method 1
  98  8   1.75E-04  -2.29E-05    9.259286D-01    9.259515D-01    method 1
  99  8   5.08E-05  -1.71E-06    9.259423D-01    9.259440D-01    method 1
 100  7   8.04E-05   1.66E-05    9.874860D-01    9.874693D-01    method 1
 101  7   8.66E-06  -1.72E-06    3.636319D-01    3.636337D-01    method 1
 102  1   1.63E-06  -1.05E-06    3.387942D+00    3.387943D+00    method 1
 103 10   3.27E-05   1.18E-05    4.635280D-01    4.635163D-01    method 1
 104 10   4.61E-06   3.02E-06    4.635210D-01    4.635180D-01    method 1
 105  9   1.82E-06   3.23E-06    9.397004D-01    9.396971D-01    method 1
 106  5   2.00E-05  -3.37E-06    1.029020D+00    1.029023D+00    method 1
 107  6   5.37E-05   9.26E-06    1.009044D+00    1.009035D+00    method 1
 108  6   2.52E-06   1.63E-06    1.009037D+00    1.009035D+00    method 1
 109  8   6.34E-05  -1.09E-05    9.259435D-01    9.259545D-01    method 1
 110  8   3.28E-05  -2.70E-06    2.865789D-01    2.865816D-01    method 1
 111  8   8.92E-06  -1.04E-06    9.259499D-01    9.259509D-01    method 1
 112  5   3.55E-06  -5.10E-07    4.593947D-01    4.593952D-01    method 1
 113  2   3.77E-06   1.51E-06    4.416609D-01    4.416593D-01    method 1
 114  4   4.18E-06   1.46E-06    3.222601D-01    3.222587D-01    method 1
 115  8   4.01E-06   5.73E-07    8.741125D-01    8.741119D-01    method 1
 116  7   1.12E-06  -7.03E-07    4.201295D-01    4.201302D-01    method 1
 117  3   4.13E-06   1.32E-06    3.121218D-01    3.121205D-01    method 1
 118  1   3.84E-08   9.67E-08    1.066805D+00    1.066805D+00    method 1
 119  2   4.07E-08   2.16E-07    2.980517D-01    2.980515D-01    method 1
 120  3   4.97E-08   1.99E-07    2.570332D-01    2.570330D-01    method 1
 121  4   1.32E-08   1.93E-07    2.165286D-01    2.165284D-01    method 1
 122  5   3.76E-07  -1.32E-07   -6.848588D-01   -6.848587D-01    method 1
 123  6   4.78E-06   1.45E-06    1.009035D+00    1.009034D+00    method 1
 124  7   7.45E-07  -4.78E-08   -6.214359D-01   -6.214358D-01    method 1
 125  8   4.40E-06  -5.90E-07    9.473562D-01    9.473568D-01    method 1
 126  9   1.05E-05   2.49E-06    9.181195D-01    9.181170D-01    method 1
 127 10   1.81E-06  -4.26E-07   -2.359818D-01   -2.359814D-01    method 1
 128  9   8.82E-06  -1.05E-06    9.396955D-01    9.396966D-01    method 1
 129  9   3.25E-06   2.63E-07    9.181181D-01    9.181178D-01    method 1
 130  1   3.11E-08   8.92E-08    2.730047D+00    2.730046D+00    method 1
 131  2   2.30E-07   6.77E-08    3.651978D-01    3.651977D-01    method 1
 132  3   2.78E-07   5.93E-08    3.121204D-01    3.121204D-01    method 1
 133  4   2.85E-07   7.27E-08    3.861128D-01    3.861127D-01    method 1
 134  5   1.02E-06  -2.55E-07    1.029022D+00    1.029023D+00    method 1
 135  6   1.60E-06   1.73E-07    4.078757D-01    4.078755D-01    method 1
 136  7   9.67E-07  -2.18E-07    1.051709D+00    1.051710D+00    method 1
 137  8   4.22E-06  -9.19E-07    9.259508D-01    9.259517D-01    method 1
 138  9   3.47E-06   7.10E-07    9.181179D-01    9.181172D-01    method 1
 139 10   6.34E-07   3.55E-07    4.267678D-01    4.267675D-01    method 1
etot    -1.5187194D+03
coul     6.0775320D+02
ech.    -1.8068567D+01
mag.     6.6186949D-01
ret.    -6.0879903D-02
   1  1   4.81E-02  -3.23E-02    3.358781D+00    3.391042D+00    method 1
   2  2   7.77E-02  -6.91E-02    1.580509D+00    1.649627D+00    method 1
   3  3   9.16E-02  -4.69E-02    1.789157D+00    1.836063D+00    method 1
   4  4   8.54E-02  -5.70E-02    1.758868D+00    1.815857D+00    method 1
   5  5   1.30E-01  -6.79E-02    3.396327D-01    4.075192D-01    method 1
   6  6   2.52E-01  -2.90E-02    4.851518D-01    5.141182D-01    method 1
   7  7   2.82E-01  -5.94E-02    1.633223D-01    2.227298D-01    method 1
   8  8   3.29E+00  -1.40E-01    1.328909D-01    2.727947D-01    method 1
   9  9   2.20E+00  -1.05E-01    1.602111D-01    2.651391D-01    method 1
  10 10   1.96E+00   3.50E-01    7.294102D-01    3.798596D-01    method 1
  11 10   5.41E-02   2.45E-01    6.475219D-01    4.024421D-01    method 1
  12 10   6.22E-02   1.33E-01    5.587302D-01    4.261266D-01    method 1
  13  8   5.24E-01  -3.25E-02    2.605651D-01    2.930933D-01    method 1
  14 10   5.00E-02   4.89E-02    4.597730D-01    4.108588D-01    method 1
  15  9   4.27E-01  -2.77E-02    2.207337D-01    2.484723D-01    method 1
  16  2   1.26E-02  -4.68E-02    1.601463D+00    1.648294D+00    method 1
  17  5   9.59E-02  -5.19E-02    4.826891D-01    5.346059D-01    method 1
  18  7   1.40E-01  -4.82E-02    4.758078D-01    5.239987D-01    method 1
  19  4   1.36E-02  -3.84E-02    1.776180D+00    1.814537D+00    method 1
  20  5   3.52E-03  -2.81E-02    5.035054D-01    5.316036D-01    method 1
  21 10   2.26E-02   1.14E-02    3.927260D-01    3.812875D-01    method 1
  22  7   5.15E-03  -2.57E-02    4.951295D-01    5.208722D-01    method 1
  23  3   1.02E-02  -2.99E-02    1.803367D+00    1.833247D+00    method 1
  24  2   4.01E-03  -2.63E-02    1.620314D+00    1.646576D+00    method 1
  25  4   3.72E-03   2.15E-02    8.002694D-01    7.787683D-01    method 1
  26  8   8.28E-04  -2.51E-02    2.736300D-01    2.986811D-01    method 1
  27  1   1.58E-04  -2.18E-02    3.368494D+00    3.390293D+00    method 1
  28  3   9.91E-04  -1.69E-02    1.815387D+00    1.832258D+00    method 1
  29  6   1.29E-01  -2.49E-02    6.882761D-01    7.131611D-01    method 1
  30  5   2.75E-03  -1.26E-02    6.383401D-01    6.509523D-01    method 1
  31  9   3.80E-02  -2.48E-02    2.629360D-01    2.877289D-01    method 1
  32  2   2.50E-04  -1.24E-02    1.633485D+00    1.645836D+00    method 1
  33  7   9.35E-03  -1.09E-02    7.013011D-01    7.122479D-01    method 1
  34  8   3.99E-02  -7.58E-03    3.192037D-01    3.267817D-01    method 1
  35  6   3.28E-03  -1.50E-02    6.982543D-01    7.132391D-01    method 1
  36  9   1.59E-02  -1.08E-02    2.753672D-01    2.861513D-01    method 1
  37  1   2.33E-04  -1.29E-02    3.377232D+00    3.390160D+00    method 1
  38  4   2.75E-04   1.40E-02    6.981335D-01    6.841761D-01    method 1
  39  3   7.46E-04  -7.16E-03    1.823846D+00    1.831008D+00    method 1
  40  6   1.72E-04  -6.65E-03    7.057559D-01    7.124100D-01    method 1
  41  4   1.06E-03   8.10E-03    6.925565D-01    6.844579D-01    method 1
  42  1   4.50E-04  -6.30E-03    3.383702D+00    3.389999D+00    method 1
  43  5   7.23E-03  -4.67E-03    8.714497D-01    8.761219D-01    method 1
  44  2   1.38E-03  -3.94E-03    1.640905D+00    1.644849D+00    method 1
  45 10   2.63E-02  -1.08E-02    5.191985D-01    5.300172D-01    method 1
  46  7   8.55E-04  -2.63E-03    7.078728D-01    7.105040D-01    method 1
  47 10   5.28E-03  -2.84E-03    5.257178D-01    5.285566D-01    method 1
  48  9   1.62E-02  -6.36E-03    2.818440D-01    2.882008D-01    method 1
  49  4   5.94E-04   3.84E-03    6.885093D-01    6.846691D-01    method 1
  50  8   1.19E-02   1.15E-03    9.267578D-01    9.256045D-01    method 1
  51  3   1.27E-03   2.11E-03    9.766223D-01    9.745152D-01    method 1
  52  6   2.78E-03   2.33E-03   -6.677375D-01   -6.700661D-01    method 1
  53  9   1.10E-02   4.82E-04    9.259448D-01    9.254631D-01    method 1
  54  1   1.63E-04  -2.45E-03    3.387482D+00    3.389936D+00    method 1
  55  5   3.40E-05  -1.55E-03    9.752709D-01    9.768183D-01    method 1
  56  2   2.21E-04  -1.00E-03    1.643667D+00    1.644667D+00    method 1
  57  4   5.32E-04   1.39E-03    5.960652D-01    5.946785D-01    method 1
  58 10   2.38E-03  -2.54E-03    4.662948D-01    4.688338D-01    method 1
  59  7   1.31E-03  -8.44E-04    9.646159D-01    9.654598D-01    method 1
  60 10   1.49E-03   2.58E-04   -2.310790D-01   -2.313366D-01    method 1
  61  1   8.51E-05  -7.13E-04    3.389200D+00    3.389913D+00    method 1
  62  6   1.94E-03   9.26E-04   -6.740177D-01   -6.749442D-01    method 1
  63  3   5.00E-04   8.50E-04    9.755690D-01    9.747188D-01    method 1
  64  5   9.57E-04  -1.41E-04    1.066358D+00    1.066499D+00    method 1
  65  4   2.94E-04   3.66E-04    5.113590D-01    5.109934D-01    method 1
  66  8   6.76E-03  -1.45E-03    3.242357D-01    3.256868D-01    method 1
  67  8   1.37E-03  -6.82E-04    3.596241D-01    3.603066D-01    method 1
  68  2   1.99E-04   1.53E-04    5.096511D-01    5.094986D-01    method 1
  69  6   1.63E-04   4.38E-04   -6.756441D-01   -6.760824D-01    method 1
  70  3   1.67E-05  -3.20E-04    3.958033D-02    3.990081D-02    method 1
  71  7   1.71E-04  -1.46E-04    1.096433D+00    1.096578D+00    method 1
  72  1   1.87E-05  -1.33E-04    3.389770D+00    3.389903D+00    method 1
  73  8   3.38E-04  -3.21E-04    3.599654D-01    3.602867D-01    method 1
  74  9   3.14E-03  -5.48E-04    2.865697D-01    2.871181D-01    method 1
  75  9   1.16E-03  -1.06E-04    2.868439D-01    2.869497D-01    method 1
  76  6   2.16E-04   1.59E-04   -6.759509D-01   -6.761104D-01    method 1
  77  4   1.00E-04   7.92E-05    3.649466D-01    3.648674D-01    method 1
  78  8   1.79E-03  -2.35E-04    9.254121D-01    9.256469D-01    method 1
  79  3   1.69E-05  -1.66E-04    3.974057D-02    3.990689D-02    method 1
  80 10   7.51E-04  -4.46E-04    4.326744D-01    4.331201D-01    method 1
  81 10   1.64E-04  -1.28E-04    4.329418D-01    4.330699D-01    method 1
  82  8   9.18E-04  -5.65E-05    2.921390D-01    2.921955D-01    method 1
  83  3   9.33E-06  -6.85E-05    4.904863D-02    4.911712D-02    method 1
  84  6   2.56E-04  -4.90E-05    2.390790D-01    2.391280D-01    method 1
  85  2   2.19E-06   4.31E-05    4.252144D-01    4.251713D-01    method 1
  86  7   1.51E-04  -5.58E-05    1.096564D+00    1.096620D+00    method 1
  87  5   4.42E-04   1.23E-04    5.089574D-01    5.088348D-01    method 1
  88  1   9.62E-07  -1.16E-05    3.389890D+00    3.389902D+00    method 1
  89 10   4.74E-05  -2.67E-05    3.535283D-01    3.535550D-01    method 1
  90  5   2.59E-05   2.51E-05    5.088593D-01    5.088342D-01    method 1
  91  9   9.24E-04  -1.62E-04    2.869074D-01    2.870693D-01    method 1
  92  9   5.33E-04  -3.51E-05    9.815867D-01    9.816219D-01    method 1
  93  4   3.48E-05   6.97E-06    1.612940D-01    1.612870D-01    method 1
  94  3   2.78E-06  -2.20E-05    4.909657D-02    4.911857D-02    method 1
  95  8   3.04E-04  -3.52E-05    9.512418D-01    9.512769D-01    method 1
  96  7   9.65E-06  -9.30E-06    1.096614D+00    1.096623D+00    method 1
  97  6   1.02E-05  -1.24E-05    2.391133D-01    2.391258D-01    method 1
  98  2   1.41E-06   1.05E-05    3.502844D-01    3.502739D-01    method 1
  99  8   1.18E-04   1.50E-05    9.512734D-01    9.512584D-01    method 1
 100  9   1.91E-04   2.44E-05    9.342701D-01    9.342457D-01    method 1
 101 10   8.71E-05  -5.35E-05    4.330519D-01    4.331054D-01    method 1
 102 10   2.86E-05   6.95E-06   -2.314474D-01   -2.314543D-01    method 1
 103  5   5.49E-05  -2.04E-05    1.066594D+00    1.066614D+00    method 1
 104  9   1.11E-05  -2.42E-06    1.516027D-01    1.516051D-01    method 1
 105  3   3.00E-06  -5.16E-06    4.911417D-02    4.911933D-02    method 1
 106  5   2.85E-06  -4.29E-06    1.144139D+00    1.144144D+00    method 1
 107  8   6.07E-05  -1.17E-05    9.512614D-01    9.512731D-01    method 1
 108  6   7.44E-06   2.45E-06   -6.504877D-01   -6.504901D-01    method 1
 109  8   2.93E-05  -1.20E-06    2.041739D-01    2.041751D-01    method 1
 110  1   1.18E-06  -1.05E-06    3.389901D+00    3.389902D+00    method 1
 111  2   1.51E-06   1.90E-06    3.502750D-01    3.502731D-01    method 1
 112  4   4.56E-06   9.41E-07    1.617286D+00    1.617285D+00    method 1
 113  8   2.44E-06  -1.15E-07    9.925409D-01    9.925410D-01    method 1
 114 10   6.67E-06  -5.15E-06   -2.344993D-01   -2.344941D-01    method 1
 115  9   2.30E-05   5.58E-06    9.342521D-01    9.342465D-01    method 1
 116  9   1.27E-05   8.91E-07    8.750233D-01    8.750224D-01    method 1
 117  9   2.50E-06   1.28E-07    3.910913D-01    3.910912D-01    method 1
 118  7   9.27E-06  -5.01E-06    1.096622D+00    1.096627D+00    method 1
 119  7   2.60E-06   1.11E-07   -1.430134D-01   -1.430135D-01    method 1
 120  6   1.99E-06  -9.76E-07    1.038104D+00    1.038105D+00    method 1
 121 10   5.94E-06  -8.72E-07    5.300608D-01    5.300617D-01    method 1
 122 10   4.37E-07   9.55E-08   -2.314495D-01   -2.314496D-01    method 1
 123  1   2.30E-09  -1.12E-07    3.458767D+00    3.458767D+00    method 1
 124  2   1.54E-07   2.95E-07    2.848016D-01    2.848014D-01    method 1
 125  3   1.42E-06  -8.21E-07    9.350563D-02    9.350645D-02    method 1
 126  4   2.60E-07   1.25E-07    1.274440D-01    1.274439D-01    method 1
 127  5   4.35E-06   6.35E-07    9.767550D-01    9.767544D-01    method 1
 128  6   2.88E-07  -3.74E-07    1.038104D+00    1.038105D+00    method 1
 129  7   3.24E-07  -5.52E-08    2.882847D-01    2.882847D-01    method 1
 130  8   8.81E-06   9.51E-07    2.315293D-01    2.315283D-01    method 1
 131  9   1.45E-05   2.45E-06    9.342488D-01    9.342463D-01    method 1
 132 10   1.26E-06  -7.25E-07    4.330949D-01    4.330956D-01    method 1
 133  9   8.28E-06  -8.20E-07    9.815919D-01    9.815927D-01    method 1
 134  8   3.66E-06  -9.50E-07    9.512697D-01    9.512706D-01    method 1
 135  9   5.09E-06   5.76E-07    9.595836D-01    9.595830D-01    method 1
 136  9   1.52E-06  -3.00E-08    9.522016D-01    9.522017D-01    method 1
 137  1   1.47E-08   3.72E-08    2.729543D+00    2.729543D+00    method 1
 138  2   1.06E-07   6.87E-08    3.502730D-01    3.502729D-01    method 1
 139  3   1.34E-07  -1.06E-07    1.158600D-01    1.158601D-01    method 1
 140  4   1.21E-07   4.86E-08    3.648698D-01    3.648697D-01    method 1
 141  5   4.45E-07  -2.82E-08   -6.916677D-01   -6.916677D-01    method 1
 142  6   5.37E-07  -3.36E-07    1.038105D+00    1.038105D+00    method 1
 143  7   3.48E-07  -7.06E-08    9.654779D-01    9.654779D-01    method 1
 144  8   1.13E-06  -1.52E-07    9.255840D-01    9.255841D-01    method 1
 145  9   8.93E-07   1.72E-07    9.595832D-01    9.595831D-01    method 1
 146 10   1.17E-06   2.79E-07    4.687633D-01    4.687630D-01    method 1
etot    -1.4866984D+03
coul     5.8946269D+02
ech.    -1.7057478D+01
mag.     6.1316743D-01
ret.    -5.7353265D-02
   1  1   3.52E-02  -2.97E-02    3.358781D+00    3.388520D+00    method 1
   2  2   2.53E-02  -4.24E-02    1.462989D+00    1.505373D+00    method 1
   3  3   1.23E-02  -2.19E-02    1.729043D+00    1.750908D+00    method 1
   4  4   9.74E-03  -2.30E-02    1.758868D+00    1.781898D+00    method 1
   5  5   2.80E-01  -4.45E-02    3.193503D-01    3.638027D-01    method 1
   6  6   5.04E-01  -7.46E-02    3.230728D-01    3.976365D-01    method 1
   7  7   5.64E-01  -7.88E-02    3.332067D-01    4.119910D-01    method 1
   8  8   2.02E+01   6.34E-01    1.070589D+00    4.364251D-01    method 1
   9  9   2.88E+00  -1.69E-01    1.602111D-01    3.292592D-01    method 1
  10 10   1.37E+00   3.02E-01    6.949624D-01    3.928658D-01    method 1
  11  8   8.62E-01   8.93E-02    9.522473D-02    5.947218D-03    method 1
  12 10   7.24E-02   2.32E-01    6.552763D-01    4.228461D-01    method 1
  13 10   5.64E-02   1.27E-01    5.345608D-01    4.070892D-01    method 1
  14  9   4.10E-01  -6.08E-02    2.728016D-01    3.336358D-01    method 1
  15 10   5.84E-02   4.14E-02    4.727034D-01    4.313479D-01    method 1
  16  8   2.79E-01   5.82E-02    6.331745D-02    5.154460D-03    method 1
  17  7   2.48E-01  -1.70E-02    7.112149D-02    8.812925D-02    method 1
  18  6   2.42E-01  -1.62E-02    9.424107D-02    1.104644D-01    method 1
  19  9   1.13E-02  -3.16E-02    2.973729D-01    3.289885D-01    method 1
  20  8   9.03E-03   2.94E-02    3.613959D-02    6.697537D-03    method 1
  21  5   1.76E-01  -2.78E-02    4.645439D-01    4.923613D-01    method 1
  22  2   3.45E-02  -3.16E-02    1.475769D+00    1.507384D+00    method 1
  23 10   7.04E-02   2.89E-02    4.850525D-01    4.561088D-01    method 1
  24  9   2.95E-02  -1.24E-02    3.470716D-01    3.594847D-01    method 1
  25  2   1.07E-03  -1.90E-02    1.488462D+00    1.507434D+00    method 1
  26  1   4.42E-03  -2.06E-02    3.367730D+00    3.388351D+00    method 1
  27  8   1.47E-02   1.22E-02    2.068856D-02    8.523126D-03    method 1
  28 10   1.33E-02  -3.28E-03   -2.392005D-01   -2.359189D-01    method 1
  29  5   6.40E-03  -1.66E-02    4.756844D-01    4.922584D-01    method 1
  30  4   4.21E-02   1.94E-02    7.293654D-01    7.100038D-01    method 1
  31  3   4.02E-02   1.78E-02    7.114225D-01    6.936069D-01    method 1
  32  1   3.47E-04  -1.22E-02    3.375994D+00    3.388243D+00    method 1
  33  4   8.92E-04   1.51E-02    7.255010D-01    7.103568D-01    method 1
  34  2   1.95E-03  -8.60E-03    1.497966D+00    1.506567D+00    method 1
  35  3   1.26E-03   1.37E-02    7.078659D-01    6.941274D-01    method 1
  36  7   1.03E-02  -8.52E-03    3.620747D-01    3.705922D-01    method 1
  37  5   6.78E-04  -6.68E-03    4.839765D-01    4.906606D-01    method 1
  38  6   1.16E-02  -7.98E-03    3.875592D-01    3.955388D-01    method 1
  39  4   1.18E-03   1.01E-02    7.209641D-01    7.108553D-01    method 1
  40  3   8.79E-04   9.30E-03    7.037493D-01    6.944538D-01    method 1
  41  9   8.14E-03   7.11E-03    9.231060D-01    9.159927D-01    method 1
  42  1   4.45E-04  -5.94E-03    3.382124D+00    3.388061D+00    method 1
  43  8   9.44E-03   3.58E-03    9.999685D-03    6.422032D-03    method 1
  44  4   9.26E-05   5.86E-03    7.169238D-01    7.110607D-01    method 1
  45  3   1.95E-05   5.46E-03    7.000337D-01    6.945785D-01    method 1
  46  2   7.03E-04  -2.71E-03    1.503131D+00    1.505844D+00    method 1
  47  7   2.55E-03  -3.47E-03    5.601185D-01    5.635914D-01    method 1
  48  6   2.55E-03  -3.29E-03    5.858128D-01    5.891005D-01    method 1
  49  9   1.41E-02   1.61E-03    7.728295D-01    7.712204D-01    method 1
  50  5   2.41E-03  -2.38E-03    8.332433D-01    8.356198D-01    method 1
  51  1   1.61E-04  -2.31E-03    3.385687D+00    3.387993D+00    method 1
  52  4   6.07E-04   2.67E-03    6.230568D-01    6.203892D-01    method 1
  53  3   4.39E-04   2.57E-03    6.973070D-01    6.947418D-01    method 1
  54  8   3.69E-03   8.47E-04    3.112604D-02    3.027870D-02    method 1
  55  7   1.69E-04  -1.06E-03    6.566353D-01    6.577001D-01    method 1
  56  6   1.50E-04  -1.06E-03    7.725032D-01    7.735599D-01    method 1
  57 10   3.70E-03   9.95E-04    2.154697D-01    2.144750D-01    method 1
  58  2   2.26E-04  -6.80E-04    1.505030D+00    1.505711D+00    method 1
  59  4   3.60E-04   9.55E-04    6.214564D-01    6.205018D-01    method 1
  60  3   2.49E-04   9.91E-04    6.059427D-01    6.049514D-01    method 1
  61  5   6.25E-04  -3.85E-04    9.366887D-01    9.370738D-01    method 1
  62  1   1.28E-04  -6.48E-04    3.315197D+00    3.315845D+00    method 1
  63  9   1.78E-04   9.13E-04    7.372073D-01    7.362946D-01    method 1
  64  7   9.15E-05  -2.50E-04    1.833567D-01    1.836071D-01    method 1
  65  6   4.24E-05  -2.48E-04    8.586146D-01    8.588621D-01    method 1
  66 10   7.22E-05   5.14E-04    2.149725D-01    2.144588D-01    method 1
  67  3   8.91E-06   3.12E-04    6.052488D-01    6.049370D-01    method 1
  68  4   8.62E-05   2.48E-04    5.358421D-01    5.355938D-01    method 1
  69  9   2.18E-03   2.22E-04    1.371864D-01    1.369639D-01    method 1
  70  8   7.65E-04   2.51E-04    2.275218D-01    2.272709D-01    method 1
  71  2   1.20E-04   9.09E-05    5.274658D-01    5.273749D-01    method 1
  72  1   1.05E-05  -1.24E-04    3.315715D+00    3.315840D+00    method 1
  73 10   6.87E-04   9.79E-05    3.010418D-01    3.009439D-01    method 1
  74  5   3.25E-05  -9.79E-05    1.028913D+00    1.029010D+00    method 1
  75  3   9.03E-05   5.20E-05    4.443880D-01    4.443360D-01    method 1
  76  8   4.21E-04   5.25E-05    7.790677D-01    7.790151D-01    method 1
  77  7   4.37E-04  -1.28E-04    3.114007D-01    3.115290D-01    method 1
  78  4   5.85E-05   4.70E-05    3.861612D-01    3.861142D-01    method 1
  79  6   4.01E-04  -1.00E-04    2.541093D-01    2.542093D-01    method 1
  80  9   5.80E-04   6.87E-05    7.365830D-01    7.365143D-01    method 1
  81  7   1.07E-04  -1.68E-05    9.874708D-01    9.874876D-01    method 1
  82  1   4.13E-07  -1.16E-05    3.387931D+00    3.387943D+00    method 1
  83  6   5.23E-05  -7.97E-06    9.377397D-01    9.377476D-01    method 1
  84 10   1.39E-04  -5.79E-05    4.969575D-01    4.970154D-01    method 1
  85  5   6.11E-05  -3.04E-05    1.029001D+00    1.029031D+00    method 1
  86  2   1.22E-05   3.12E-05    4.416911D-01    4.416599D-01    method 1
  87  9   1.57E-04   2.15E-05    2.621045D-01    2.620830D-01    method 1
  88 10   3.69E-05  -1.08E-05    5.268338D-01    5.268446D-01    method 1
  89  8   4.79E-04  -8.07E-05    9.472828D-01    9.473635D-01    method 1
  90  8   2.35E-04   1.84E-05    9.259415D-01    9.259230D-01    method 1
  91  3   6.59E-06   7.32E-06    3.121284D-01    3.121210D-01    method 1
  92  4   9.10E-06   5.26E-06    2.657853D-01    2.657800D-01    method 1
  93  2   1.17E-05   5.92E-06    4.416662D-01    4.416603D-01    method 1
  94  5   5.58E-05  -9.90E-06    4.593883D-01    4.593982D-01    method 1
  95  9   2.92E-04   4.48E-05    9.181508D-01    9.181060D-01    method 1
  96  9   1.58E-04  -1.87E-05    9.396887D-01    9.397074D-01    method 1
  97  9   5.80E-05   4.75E-06    9.397037D-01    9.396989D-01    method 1
  98  8   1.75E-04  -2.29E-05    9.259286D-01    9.259515D-01    method 1
  99  8   5.08E-05  -1.71E-06    9.259423D-01    9.259440D-01    method 1
 100  7   8.04E-05   1.66E-05    9.874860D-01    9.874693D-01    method 1
 101  7   8.66E-06  -1.72E-06    3.636319D-01    3.636337D-01    method 1
 102  1   1.63E-06  -1.05E-06    3.387942D+00    3.387943D+00    method 1
 103 10   3.27E-05   1.18E-05    4.635280D-01    4.635163D-01    method 1
 104 10   4.61E-06   3.02E-06    4.635210D-01    4.635180D-01    method 1
 105  9   1.82E-06   3.23E-06    9.397004D-01    9.396971D-01    method 1
 106  5   2.00E-05  -3.37E-06    1.029020D+00    1.029023D+00    method 1
 107  6   5.37E-05   9.26E-06    1.009044D+00    1.009035D+00    method 1
 108  6   2.52E-06   1.63E-06    1.009037D+00    1.009035D+00    method 1
 109  8   6.34E-05  -1.09E-05    9.259435D-01    9.259545D-01    method 1
 110  8   3.28E-05  -2.70E-06    2.865789D-01    2.865816D-01    method 1
 111  8   8.92E-06  -1.04E-06    9.259499D-01    9.259509D-01    method 1
 112  5   3.55E-06  -5.10E-07    4.593947D-01    4.593952D-01    method 1
 113  2   3.77E-06   1.51E-06    4.416609D-01    4.416593D-01    method 1
 114  4   4.18E-06   1.46E-06    3.222601D-01    3.222587D-01    method 1
 115  8   4.01E-06   5.73E-07    8.741125D-01    8.741119D-01    method 1
 116  7   1.12E-06  -7.03E-07    4.201295D-01    4.201302D-01    method 1
 117  3   4.13E-06   1.32E-06    3.121218D-01    3.121205D-01    method 1
 118  1   3.84E-08   9.67E-08    1.066805D+00    1.066805D+00    method 1
 119  2   4.07E-08   2.16E-07    2.980517D-01    2.980515D-01    method 1
 120  3   4.97E-08   1.99E-07    2.570332D-01    2.570330D-01    method 1
 121  4   1.32E-08   1.93E-07    2.165286D-01    2.165284D-01    method 1
 122  5   3.76E-07  -1.32E-07   -6.848588D-01   -6.848587D-01    method 1
 123  6   4.78E-06   1.45E-06    1.009035D+00    1.009034D+00    method 1
 124  7   7.45E-07  -4.78E-08   -6.214359D-01   -6.214358D-01    method 1
 125  8   4.40E-06  -5.90E-07    9.473562D-01    9.473568D-01    method 1
 126  9   1.05E-05   2.49E-06    9.181195D-01    9.181170D-01    method 1
 127 10   1.81E-06  -4.26E-07   -2.359818D-01   -2.359814D-01    method 1
 128  9   8.82E-06  -1.05E-06    9.396955D-01    9.396966D-01    method 1
 129  9   3.25E-06   2.63E-07    9.181181D-01    9.181178D-01    method 1
 130  1   3.11E-08   8.92E-08    2.730047D+00    2.730046D+00    method 1
 131  2   2.30E-07   6.77E-08    3.651978D-01    3.651977D-01    method 1
 132  3   2.78E-07   5.93E-08    3.121204D-01    3.121204D-01    method 1
 133  4   2.85E-07   7.27E-08    3.861128D-01    3.861127D-01    method 1
 134  5   1.02E-06  -2.55E-07    1.029022D+00    1.029023D+00    method 1
 135  6   1.60E-06   1.73E-07    4.078757D-01    4.078755D-01    method 1
 136  7   9.67E-07  -2.18E-07    1.051709D+00    1.051710D+00    method 1
 137  8   4.22E-06  -9.19E-07    9.259508D-01    9.259517D-01    method 1
 138  9   3.47E-06   7.10E-07    9.181179D-01    9.181172D-01    method 1
 139 10   6.34E-07   3.55E-07    4.267678D-01    4.267675D-01    method 1
etot    -1.5187194D+03
coul     6.0775320D+02
ech.    -1.8068567D+01
mag.     6.6186949D-01
ret.    -6.0879903D-02
   1  1   3.52E-02  -2.97E-02    3.358781D+00    3.388520D+00    method 1
   2  2   2.53E-02  -4.24E-02    1.462989D+00    1.505373D+00    method 1
   3  3   1.23E-02  -2.19E-02    1.729043D+00    1.750908D+00    method 1
   4  4   9.74E-03  -2.30E-02    1.758868D+00    1.781898D+00    method 1
   5  5   2.80E-01  -4.45E-02    3.193503D-01    3.638027D-01    method 1
   6  6   5.04E-01  -7.46E-02    3.230728D-01    3.976365D-01    method 1
   7  7   5.64E-01  -7.88E-02    3.332067D-01    4.119910D-01    method 1
   8  8   2.02E+01   6.34E-01    1.070589D+00    4.364251D-01    method 1
   9  9   2.88E+00  -1.69E-01    1.602111D-01    3.292592D-01    method 1
  10 10   1.37E+00   3.02E-01    6.949624D-01    3.928658D-01    method 1
  11  8   8.62E-01   8.93E-02    9.522473D-02    5.947218D-03    method 1
  12 10   7.24E-02   2.32E-01    6.552763D-01    4.228461D-01    method 1
  13 10   5.64E-02   1.27E-01    5.345608D-01    4.070892D-01    method 1
  14  9   4.10E-01  -6.08E-02    2.728016D-01    3.336358D-01    method 1
  15 10   5.84E-02   4.14E-02    4.727034D-01    4.313479D-01    method 1
  16  8   2.79E-01   5.82E-02    6.331745D-02    5.154460D-03    method 1
  17  7   2.48E-01  -1.70E-02    7.112149D-02    8.812925D-02    method 1
  18  6   2.42E-01  -1.62E-02    9.424107D-02    1.104644D-01    method 1
  19  9   1.13E-02  -3.16E-02    2.973729D-01    3.289885D-01    method 1
  20  8   9.03E-03   2.94E-02    3.613959D-02    6.697537D-03    method 1
  21  5   1.76E-01  -2.78E-02    4.645439D-01    4.923613D-01    method 1
  22  2   3.45E-02  -3.16E-02    1.475769D+00    1.507384D+00    method 1
  23 10   7.04E-02   2.89E-02    4.850525D-01    4.561088D-01    method 1
  24  9   2.95E-02  -1.24E-02    3.470716D-01    3.594847D-01    method 1
  25  2   1.07E-03  -1.90E-02    1.488462D+00    1.507434D+00    method 1
  26  1   4.42E-03  -2.06E-02    3.367730D+00    3.388351D+00    method 1
  27  8   1.47E-02   1.22E-02    2.068856D-02    8.523126D-03    method 1
  28 10   1.33E-02  -3.28E-03   -2.392005D-01   -2.359189D-01    method 1
  29  5   6.40E-03  -1.66E-02    4.756844D-01    4.922584D-01    method 1
  30  4   4.21E-02   1.94E-02    7.293654D-01    7.100038D-01    method 1
  31  3   4.02E-02   1.78E-02    7.114225D-01    6.936069D-01    method 1
  32  1   3.47E-04  -1.22E-02    3.375994D+00    3.388243D+00    method 1
  33  4   8.92E-04   1.51E-02    7.255010D-01    7.103568D-01    method 1
  34  2   1.95E-03  -8.60E-03    1.497966D+00    1.506567D+00    method 1
  35  3   1.26E-03   1.37E-02    7.078659D-01    6.941274D-01    method 1
  36  7   1.03E-02  -8.52E-03    3.620747D-01    3.705922D-01    method 1
  37  5   6.78E-04  -6.68E-03    4.839765D-01    4.906606D-01    method 1
  38  6   1.16E-02  -7.98E-03    3.875592D-01    3.955388D-01    method 1
  39  4   1.18E-03   1.01E-02    7.209641D-01    7.108553D-01    method 1
  40  3   8.79E-04   9.30E-03    7.037493D-01    6.944538D-01    method 1
  41  9   8.14E-03   7.11E-03    9.231060D-01    9.159927D-01    method 1
  42  1   4.45E-04  -5.94E-03    3.382124D+00    3.388061D+00    method 1
  43  8   9.44E-03   3.58E-03    9.999685D-03    6.422032D-03    method 1
  44  4   9.26E-05   5.86E-03    7.169238D-01    7.110607D-01    method 1
  45  3   1.95E-05   5.46E-03    7.000337D-01    6.945785D-01    method 1
  46  2   7.03E-04  -2.71E-03    1.503131D+00    1.505844D+00    method 1
  47  7   2.55E-03  -3.47E-03    5.601185D-01    5.635914D-01    method 1
  48  6   2.55E-03  -3.29E-03    5.858128D-01    5.891005D-01    method 1
  49  9   1.41E-02   1.61E-03    7.728295D-01    7.712204D-01    method 1
  50  5   2.41E-03  -2.38E-03    8.332433D-01    8.356198D-01    method 1
  51  1   1.61E-04  -2.31E-03    3.385687D+00    3.387993D+00    method 1
  52  4   6.07E-04   2.67E-03    6.230568D-01    6.203892D-01    method 1
  53  3   4.39E-04   2.57E-03    6.973070D-01    6.947418D-01    method 1
  54  8   3.69E-03   8.47E-04    3.112604D-02    3.027870D-02    method 1
  55  7   1.69E-04  -1.06E-03    6.566353D-01    6.577001D-01    method 1
  56  6   1.50E-04  -1.06E-03    7.725032D-01    7.735599D-01    method 1
  57 10   3.70E-03   9.95E-04    2.154697D-01    2.144750D-01    method 1
  58  2   2.26E-04  -6.80E-04    1.505030D+00    1.505711D+00    method 1
  59  4   3.60E-04   9.55E-04    6.214564D-01    6.205018D-01    method 1
  60  3   2.49E-04   9.91E-04    6.059427D-01    6.049514D-01    method 1
  61  5   6.25E-04  -3.85E-04    9.366887D-01    9.370738D-01    method 1
  62  1   1.28E-04  -6.48E-04    3.315197D+00    3.315845D+00    method 1
  63  9   1.78E-04   9.13E-04    7.372073D-01    7.362946D-01    method 1
  64  7   9.15E-05  -2.50E-04    1.833567D-01    1.836071D-01    method 1
  65  6   4.24E-05  -2.48E-04    8.586146D-01    8.588621D-01    method 1
  66 10   7.22E-05   5.14E-04    2.149725D-01    2.144588D-01    method 1
  67  3   8.91E-06   3.12E-04    6.052488D-01    6.049370D-01    method 1
  68  4   8.62E-05   2.48E-04    5.358421D-01    5.355938D-01    method 1
  69  9   2.18E-03   2.22E-04    1.371864D-01    1.369639D-01    method 1
  70  8   7.65E-04   2.51E-04    2.275218D-01    2.272709D-01    method 1
  71  2   1.20E-04   9.09E-05    5.274658D-01    5.273749D-01    method 1
  72  1   1.05E-05  -1.24E-04    3.315715D+00    3.315840D+00    method 1
  73 10   6.87E-04   9.79E-05    3.010418D-01    3.009439D-01    method 1
  74  5   3.25E-05  -9.79E-05    1.028913D+00    1.029010D+00    method 1
  75  3   9.03E-05   5.20E-05    4.443880D-01    4.443360D-01    method 1
  76  8   4.21E-04   5.25E-05    7.790677D-01    7.790151D-01    method 1
  77  7   4.37E-04  -1.28E-04    3.114007D-01    3.115290D-01    method 1
  78  4   5.85E-05   4.70E-05    3.861612D-01    3.861142D-01    method 1
  79  6   4.01E-04  -1.00E-04    2.541093D-01    2.542093D-01    method 1
  80  9   5.80E-04   6.87E-05    7.365830D-01    7.365143D-01    method 1
  81  7   1.07E-04  -1.68E-05    9.874708D-01    9.874876D-01    method 1
  82  1   4.13E-07  -1.16E-05    3.387931D+00    3.387943D+00    method 1
  83  6   5.23E-05  -7.97E-06    9.377397D-01    9.377476D-01    method 1
  84 10   1.39E-04  -5.79E-05    4.969575D-01    4.970154D-01    method 1
  85  5   6.11E-05  -3.04E-05    1.029001D+00    1.029031D+00    method 1
  86  2   1.22E-05   3.12E-05    4.416911D-01    4.416599D-01    method 1
  87  9   1.57E-04   2.15E-05    2.621045D-01    2.620830D-01    method 1
  88 10   3.69E-05  -1.08E-05    5.268338D-01    5.268446D-01    method 1
  89  8   4.79E-04  -8.07E-05    9.472828D-01    9.473635D-01    method 1
  90  8   2.35E-04   1.84E-05    9.259415D-01    9.259230D-01    method 1
  91  3   6.59E-06   7.32E-06    3.121284D-01    3.121210D-01    method 1
  92  4   9.10E-06   5.26E-06    2.657853D-01    2.657800D-01    method 1
  93  2   1.17E-05   5.92E-06    4.416662D-01    4.416603D-01    method 1
  94  5   5.58E-05  -9.90E-06    4.593883D-01    4.593982D-01    method 1
  95  9   2.92E-04   4.48E-05    9.181508D-01    9.181060D-01    method 1
  96  9   1.58E-04  -1.87E-05    9.396887D-01    9.397074D-01    method 1
  97  9   5.80E-05   4.75E-06    9.397037D-01    9.396989D-01    method 1
  98  8   1.75E-04  -2.29E-05    9.259286D-01    9.259515D-01    method 1
  99  8   5.08E-05  -1.71E-06    9.259423D-01    9.259440D-01    method 1
 100  7   8.04E-05   1.66E-05    9.874860D-01    9.874693D-01    method 1
 101  7   8.66E-06  -1.72E-06    3.636319D-01    3.636337D-01    method 1
 102  1   1.63E-06  -1.05E-06    3.387942D+00    3.387943D+00    method 1
 103 10   3.27E-05   1.18E-05    4.635280D-01    4.635163D-01    method 1
 104 10   4.61E-06   3.02E-06    4.635210D-01    4.635180D-01    method 1
 105  9   1.82E-06   3.23E-06    9.397004D-01    9.396971D-01    method 1
 106  5   2.00E-05  -3.37E-06    1.029020D+00    1.029023D+00    method 1
 107  6   5.37E-05   9.26E-06    1.009044D+00    1.009035D+00    method 1
 108  6   2.52E-06   1.63E-06    1.009037D+00    1.009035D+00    method 1
 109  8   6.34E-05  -1.09E-05    9.259435D-01    9.259545D-01    method 1
 110  8   3.28E-05  -2.70E-06    2.865789D-01    2.865816D-01    method 1
 111  8   8.92E-06  -1.04E-06    9.259499D-01    9.259509D-01    method 1
 112  5   3.55E-06  -5.10E-07    4.593947D-01    4.593952D-01    method 1
 113  2   3.77E-06   1.51E-06    4.416609D-01    4.416593D-01    method 1
 114  4   4.18E-06   1.46E-06    3.222601D-01    3.222587D-01    method 1
 115  8   4.01E-06   5.73E-07    8.741125D-01    8.741119D-01    method 1
 116  7   1.12E-06  -7.03E-07    4.201295D-01    4.201302D-01    method 1
 117  3   4.13E-06   1.32E-06    3.121218D-01    3.121205D-01    method 1
 118  1   3.84E-08   9.67E-08    1.066805D+00    1.066805D+00    method 1
 119  2   4.07E-08   2.16E-07    2.980517D-01    2.980515D-01    method 1
 120  3   4.97E-08   1.99E-07    2.570332D-01    2.570330D-01    method 1
 121  4   1.32E-08   1.93E-07    2.165286D-01    2.165284D-01    method 1
 122  5   3.76E-07  -1.32E-07   -6.848588D-01   -6.848587D-01    method 1
 123  6   4.78E-06   1.45E-06    1.009035D+00    1.009034D+00    method 1
 124  7   7.45E-07  -4.78E-08   -6.214359D-01   -6.214358D-01    method 1
 125  8   4.40E-06  -5.90E-07    9.473562D-01    9.473568D-01    method 1
 126  9   1.05E-05   2.49E-06    9.181195D-01    9.181170D-01    method 1
 127 10   1.81E-06  -4.26E-07   -2.359818D-01   -2.359814D-01    method 1
 128  9   8.82E-06  -1.05E-06    9.396955D-01    9.396966D-01    method 1
 129  9   3.25E-06   2.63E-07    9.181181D-01    9.181178D-01    method 1
 130  1   3.11E-08   8.92E-08    2.730047D+00    2.730046D+00    method 1
 131  2   2.30E-07   6.77E-08    3.651978D-01    3.651977D-01    method 1
 132  3   2.78E-07   5.93E-08    3.121204D-01    3.121204D-01    method 1
 133  4   2.85E-07   7.27E-08    3.861128D-01    3.861127D-01    method 1
 134  5   1.02E-06  -2.55E-07    1.029022D+00    1.029023D+00    method 1
 135  6   1.60E-06   1.73E-07    4.078757D-01    4.078755D-01    method 1
 136  7   9.67E-07  -2.18E-07    1.051709D+00    1.051710D+00    method 1
 137  8   4.22E-06  -9.19E-07    9.259508D-01    9.259517D-01    method 1
 138  9   3.47E-06   7.10E-07    9.181179D-01    9.181172D-01    method 1
 139 10   6.34E-07   3.55E-07    4.267678D-01    4.267675D-01    method 1
etot    -1.5187194D+03
coul     6.0775320D+02
ech.    -1.8068567D+01
mag.     6.6186949D-01
ret.    -6.0879903D-02
   1  1   3.52E-02  -2.97E-02    3.358781D+00    3.388520D+00    method 1
   2  2   2.53E-02  -4.24E-02    1.462989D+00    1.505373D+00    method 1
   3  3   1.23E-02  -2.19E-02    1.729043D+00    1.750908D+00    method 1
   4  4   9.74E-03  -2.30E-02    1.758868D+00    1.781898D+00    method 1
   5  5   2.80E-01  -4.45E-02    3.193503D-01    3.638027D-01    method 1
   6  6   5.04E-01  -7.46E-02    3.230728D-01    3.976365D-01    method 1
   7  7   5.64E-01  -7.88E-02    3.332067D-01    4.119910D-01    method 1
   8  8   2.02E+01   6.34E-01    1.070589D+00    4.364251D-01    method 1
   9  9   2.88E+00  -1.69E-01    1.602111D-01    3.292592D-01    method 1
  10 10   1.37E+00   3.02E-01    6.949624D-01    3.928658D-01    method 1
  11  8   8.62E-01   8.93E-02    9.522473D-02    5.947218D-03    method 1
  12 10   7.24E-02   2.32E-01    6.552763D-01    4.228461D-01    method 1
  13 10   5.64E-02   1.27E-01    5.345608D-01    4.070892D-01    method 1
  14  9   4.10E-01  -6.08E-02    2.728016D-01    3.336358D-01    method 1
  15 10   5.84E-02   4.14E-02    4.727034D-01    4.313479D-01    method 1
  16  8   2.79E-01   5.82E-02    6.331745D-02    5.154460D-03    method 1
  17  7   2.48E-01  -1.70E-02    7.112149D-02    8.812925D-02    method 1
  18  6   2.42E-01  -1.62E-02    9.424107D-02    1.104644D-01    method 1
  19  9   1.13E-02  -3.16E-02    2.973729D-01    3.289885D-01    method 1
  20  8   9.03E-03   2.94E-02    3.613959D-02    6.697537D-03    method 1
  21  5   1.76E-01  -2.78E-02    4.645439D-01    4.923613D-01    method 1
  22  2   3.45E-02  -3.16E-02    1.475769D+00    1.507384D+00    method 1
  23 10   7.04E-02   2.89E-02    4.850525D-01    4.561088D-01    method 1
  24  9   2.95E-02  -1.24E-02    3.470716D-01    3.594847D-01    method 1
  25  2   1.07E-03  -1.90E-02    1.488462D+00    1.507434D+00    method 1
  26  1   4.42E-03  -2.06E-02    3.367730D+00    3.388351D+00    method 1
  27  8   1.47E-02   1.22E-02    2.068856D-02    8.523126D-03    method 1
  28 10   1.33E-02  -3.28E-03   -2.392005D-01   -2.359189D-01    method 1
  29  5   6.40E-03  -1.66E-02    4.756844D-01    4.922584D-01    method 1
  30  4   4.21E-02   1.94E-02    7.293654D-01    7.100038D-01    method 1
  31  3   4.02E-02   1.78E-02    7.114225D-01    6.936069D-01    method 1
  32  1   3.47E-04  -1.22E-02    3.375994D+00    3.388243D+00    method 1
  33  4   8.92E-04   1.51E-02    7.255010D-01    7.103568D-01    method 1
  34  2   1.95E-03  -8.60E-03    1.497966D+00    1.506567D+00    method 1
  35  3   1.26E-03   1.37E-02    7.078659D-01    6.941274D-01    method 1
  36  7   1.03E-02  -8.52E-03    3.620747D-01    3.705922D-01    method 1
  37  5   6.78E-04  -6.68E-03    4.839765D-01    4.906606D-01    method 1
  38  6   1.16E-02  -7.98E-03    3.875592D-01    3.955388D-01    method 1
  39  4   1.18E-03   1.01E-02    7.209641D-01    7.108553D-01    method 1
  40  3   8.79E-04   9.30E-03    7.037493D-01    6.944538D-01    method 1
  41  9   8.14E-03   7.11E-03    9.231060D-01    9.159927D-01    method 1
  42  1   4.45E-04  -5.94E-03    3.382124D+00    3.388061D+00    method 1
  43  8   9.44E-03   3.58E-03    9.999685D-03    6.422032D-03    method 1
  44  4   9.26E-05   5.86E-03    7.169238D-01    7.110607D-01    method 1
  45  3   1.95E-05   5.46E-03    7.000337D-01    6.945785D-01    method 1
  46  2   7.03E-04  -2.71E-03    1.503131D+00    1.505844D+00    method 1
  47  7   2.55E-03  -3.47E-03    5.601185D-01    5.635914D-01    method 1
  48  6   2.55E-03  -3.29E-03    5.858128D-01    5.891005D-01    method 1
  49  9   1.41E-02   1.61E-03    7.728295D-01    7.712204D-01    method 1
  50  5   2.41E-03  -2.38E-03    8.332433D-01    8.356198D-01    method 1
  51  1   1.61E-04  -2.31E-03    3.385687D+00    3.387993D+00    method 1
  52  4   6.07E-04   2.67E-03    6.230568D-01    6.203892D-01    method 1
  53  3   4.39E-04   2.57E-03    6.973070D-01    6.947418D-01    method 1
  54  8   3.69E-03   8.47E-04    3.112604D-02    3.027870D-02    method 1
  55  7   1.69E-04  -1.06E-03    6.566353D-01    6.577001D-01    method 1
  56  6   1.50E-04  -1.06E-03    7.725032D-01    7.735599D-01    method 1
  57 10   3.70E-03   9.95E-04    2.154697D-01    2.144750D-01    method 1
  58  2   2.26E-04  -6.80E-04    1.505030D+00    1.505711D+00    method 1
  59  4   3.60E-04   9.55E-04    6.214564D-01    6.205018D-01    method 1
  60  3   2.49E-04   9.91E-04    6.059427D-01    6.049514D-01    method 1
  61  5   6.25E-04  -3.85E-04    9.366887D-01    9.370738D-01    method 1
  62  1   1.28E-04  -6.48E-04    3.315197D+00    3.315845D+00    method 1
  63  9   1.78E-04   9.13E-04    7.372073D-01    7.362946D-01    method 1
  64  7   9.15E-05  -2.50E-04    1.833567D-01    1.836071D-01    method 1
  65  6   4.24E-05  -2.48E-04    8.586146D-01    8.588621D-01    method 1
  66 10   7.22E-05   5.14E-04    2.149725D-01    2.144588D-01    method 1
  67  3   8.91E-06   3.12E-04    6.052488D-01    6.049370D-01    method 1
  68  4   8.62E-05   2.48E-04    5.358421D-01    5.355938D-01    method 1
  69  9   2.18E-03   2.22E-04    1.371864D-01    1.369639D-01    method 1
  70  8   7.65E-04   2.51E-04    2.275218D-01    2.272709D-01    method 1
  71  2   1.20E-04   9.09E-05    5.274658D-01    5.273749D-01    method 1
  72  1   1.05E-05  -1.24E-04    3.315715D+00    3.315840D+00    method 1
  73 10   6.87E-04   9.79E-05    3.010418D-01    3.009439D-01    method 1
  74  5   3.25E-05  -9.79E-05    1.028913D+00    1.029010D+00    method 1
  75  3   9.03E-05   5.20E-05    4.443880D-01    4.443360D-01    method 1
  76  8   4.21E-04   5.25E-05    7.790677D-01    7.790151D-01    method 1
  77  7   4.37E-04  -1.28E-04    3.114007D-01    3.115290D-01    method 1
  78  4   5.85E-05   4.70E-05    3.861612D-01    3.861142D-01    method 1
  79  6   4.01E-04  -1.00E-04    2.541093D-01    2.542093D-01    method 1
  80  9   5.80E-04   6.87E-05    7.365830D-01    7.365143D-01    method 1
  81  7   1.07E-04  -1.68E-05    9.874708D-01    9.874876D-01    method 1
  82  1   4.13E-07  -1.16E-05    3.387931D+00    3.387943D+00    method 1
  83  6   5.23E-05  -7.97E-06    9.377397D-01    9.377476D-01    method 1
  84 10   1.39E-04  -5.79E-05    4.969575D-01    4.970154D-01    method 1
  85  5   6.11E-05  -3.04E-05    1.029001D+00    1.029031D+00    method 1
  86  2   1.22E-05   3.12E-05    4.416911D-01    4.416599D-01    method 1
  87  9   1.57E-04   2.15E-05    2.621045D-01    2.620830D-01    method 1
  88 10   3.69E-05  -1.08E-05    5.268338D-01    5.268446D-01    method 1
  89  8   4.79E-04  -8.07E-05    9.472828D-01    9.473635D-01    method 1
  90  8   2.35E-04   1.84E-05    9.259415D-01    9.259230D-01    method 1
  91  3   6.59E-06   7.32E-06    3.121284D-01    3.121210D-01    method 1
  92  4   9.10E-06   5.26E-06    2.657853D-01    2.657800D-01    method 1
  93  2   1.17E-05   5.92E-06    4.416662D-01    4.416603D-01    method 1
  94  5   5.58E-05  -9.90E-06    4.593883D-01    4.593982D-01    method 1
  95  9   2.92E-04   4.48E-05    9.181508D-01    9.181060D-01    method 1
  96  9   1.58E-04  -1.87E-05    9.396887D-01    9.397074D-01    method 1
  97  9   5.80E-05   4.75E-06    9.397037D-01    9.396989D-01    method 1
  98  8   1.75E-04  -2.29E-05    9.259286D-01    9.259515D-01    method 1
  99  8   5.08E-05  -1.71E-06    9.259423D-01    9.259440D-01    method 1
 100  7   8.04E-05   1.66E-05    9.874860D-01    9.874693D-01    method 1
 101  7   8.66E-06  -1.72E-06    3.636319D-01    3.636337D-01    method 1
 102  1   1.63E-06  -1.05E-06    3.387942D+00    3.387943D+00    method 1
 103 10   3.27E-05   1.18E-05    4.635280D-01    4.635163D-01    method 1
 104 10   4.61E-06   3.02E-06    4.635210D-01    4.635180D-01    method 1
 105  9   1.82E-06   3.23E-06    9.397004D-01    9.396971D-01    method 1
 106  5   2.00E-05  -3.37E-06    1.029020D+00    1.029023D+00    method 1
 107  6   5.37E-05   9.26E-06    1.009044D+00    1.009035D+00    method 1
 108  6   2.52E-06   1.63E-06    1.009037D+00    1.009035D+00    method 1
 109  8   6.34E-05  -1.09E-05    9.259435D-01    9.259545D-01    method 1
 110  8   3.28E-05  -2.70E-06    2.865789D-01    2.865816D-01    method 1
 111  8   8.92E-06  -1.04E-06    9.259499D-01    9.259509D-01    method 1
 112  5   3.55E-06  -5.10E-07    4.593947D-01    4.593952D-01    method 1
 113  2   3.77E-06   1.51E-06    4.416609D-01    4.416593D-01    method 1
 114  4   4.18E-06   1.46E-06    3.222601D-01    3.222587D-01    method 1
 115  8   4.01E-06   5.73E-07    8.741125D-01    8.741119D-01    method 1
 116  7   1.12E-06  -7.03E-07    4.201295D-01    4.201302D-01    method 1
 117  3   4.13E-06   1.32E-06    3.121218D-01    3.121205D-01    method 1
 118  1   3.84E-08   9.67E-08    1.066805D+00    1.066805D+00    method 1
 119  2   4.07E-08   2.16E-07    2.980517D-01    2.980515D-01    method 1
 120  3   4.97E-08   1.99E-07    2.570332D-01    2.570330D-01    method 1
 121  4   1.32E-08   1.93E-07    2.165286D-01    2.165284D-01    method 1
 122  5   3.76E-07  -1.32E-07   -6.848588D-01   -6.848587D-01    method 1
 123  6   4.78E-06   1.45E-06    1.009035D+00    1.009034D+00    method 1
 124  7   7.45E-07  -4.78E-08   -6.214359D-01   -6.214358D-01    method 1
 125  8   4.40E-06  -5.90E-07    9.473562D-01    9.473568D-01    method 1
 126  9   1.05E-05   2.49E-06    9.181195D-01    9.181170D-01    method 1
 127 10   1.81E-06  -4.26E-07   -2.359818D-01   -2.359814D-01    method 1
 128  9   8.82E-06  -1.05E-06    9.396955D-01    9.396966D-01    method 1
 129  9   3.25E-06   2.63E-07    9.181181D-01    9.181178D-01    method 1
 130  1   3.11E-08   8.92E-08    2.730047D+00    2.730046D+00    method 1
 131  2   2.30E-07   6.77E-08    3.651978D-01    3.651977D-01    method 1
 132  3   2.78E-07   5.93E-08    3.121204D-01    3.121204D-01    method 1
 133  4   2.85E-07   7.27E-08    3.861128D-01    3.861127D-01    method 1
 134  5   1.02E-06  -2.55E-07    1.029022D+00    1.029023D+00    method 1
 135  6   1.60E-06   1.73E-07    4.078757D-01    4.078755D-01    method 1
 136  7   9.67E-07  -2.18E-07    1.051709D+00    1.051710D+00    method 1
 137  8   4.22E-06  -9.19E-07    9.259508D-01    9.259517D-01    method 1
 138  9   3.47E-06   7.10E-07    9.181179D-01    9.181172D-01    method 1
 139 10   6.34E-07   3.55E-07    4.267678D-01    4.267675D-01    method 1
etot    -1.5187194D+03
coul     6.0775320D+02
ech.    -1.8068567D+01
mag.     6.6186949D-01
ret.    -6.0879903D-02
