    13.52360     3.70009  -0.02404    1    0   0.381425E+00-0.760166E+00   0.110574E+01 0.622970E-16   0.00000
     0.00000         NaN       NaN
    13.52360     3.70009  -0.02404    1    1  -0.451311E+00-0.567032E+00   0.224304E+01-0.989478E-16  -0.45456
    -0.54014     2.27038  -0.00000
    13.52360     3.70009  -0.02404    1    2   0.113122E+00-0.719325E-01   0.566389E+00-0.267157E-16   0.11891
    -0.07349     0.55355  -0.00000
    13.52360     3.70009  -0.02404    1    3   0.120872E+00-0.905543E+00   0.143810E+01-0.219111E-16   0.12008
    -0.90583     1.43900  -0.00000
    13.52360     3.70009  -0.02404    1    4   0.396855E+00-0.415694E+00   0.808578E+00-0.887193E-16   0.39688
    -0.41587     0.80876   0.00000
    13.52360     3.70009  -0.02404    1    5   0.320889E+00-0.215939E+00   0.592334E+00 0.216812E-16   0.32093
    -0.21600     0.59240  -0.00000
    13.52360     3.70009  -0.02404    1    6   0.228982E+00-0.124243E+00   0.497133E+00 0.108903E-15   0.22901
    -0.12427     0.49717   0.00000
    13.52360     3.70009  -0.02404    1    7   0.117343E+00-0.489844E-01   0.395456E+00-0.460333E-16   0.11736
    -0.04899     0.39547  -0.00000
    13.52360     3.70009  -0.02404    1    8   0.403922E-01-0.137874E-01   0.328937E+00-0.381123E-16   0.04040
    -0.01379     0.32894  -0.00000
    13.52360     3.70009  -0.02404    1    9   0.101457E-01-0.324625E-02   0.309669E+00 0.797754E-16   0.01015
    -0.00325     0.30966   0.00000
    13.52360     3.70009  -0.02404    1   10   0.199120E-02-0.647625E-03   0.314452E+00 0.865190E-16   0.00199
    -0.00065     0.31445  -0.00000
    13.52360     3.70009  -0.02404    1   11   0.316074E-03-0.107263E-03   0.327165E+00 0.522409E-16   0.00032
    -0.00011     0.32716  -0.00000
    13.52360     3.70009  -0.02404    2    0   0.403469E+00-0.719630E+00   0.105980E+01 0.666793E-16   0.00032
    -0.00011     0.32716  -0.00000
    13.52360     3.70009  -0.02404    2    1  -0.437798E+00-0.625886E+00   0.218118E+01 0.259867E-16  -0.44441
    -0.59937     2.20881   0.00000
    13.52360     3.70009  -0.02404    2    2   0.423271E-01-0.581751E-01   0.941799E+00-0.527786E-16   0.04797
    -0.05878     0.88633  -0.00000
    13.52360     3.70009  -0.02404    2    3   0.129318E+00-0.902221E+00   0.142843E+01-0.816288E-17   0.12855
    -0.90251     1.42931  -0.00000
    13.52360     3.70009  -0.02404    2    4   0.393059E+00-0.426449E+00   0.826120E+00-0.231043E-17   0.39308
    -0.42663     0.82631  -0.00000
    13.52360     3.70009  -0.02404    2    5   0.306765E+00-0.201193E+00   0.580480E+00-0.352804E-16   0.30681
    -0.20125     0.58055   0.00000
    13.52360     3.70009  -0.02404    2    6   0.221868E+00-0.118848E+00   0.491775E+00-0.531184E-16   0.22190
    -0.11887     0.49181   0.00000
    13.52360     3.70009  -0.02404    2    7   0.128230E+00-0.571052E-01   0.418967E+00-0.695059E-16   0.12825
    -0.05711     0.41898  -0.00000
    13.52360     3.70009  -0.02404    2    8   0.521502E-01-0.196520E-01   0.360378E+00-0.149355E-17   0.05216
    -0.01965     0.36038   0.00000
    13.52360     3.70009  -0.02404    2    9   0.153780E-01-0.540149E-02   0.337787E+00-0.218388E-16   0.01538
    -0.00540     0.33778   0.00000
    13.52360     3.70009  -0.02404    2   10   0.350077E-02-0.123914E-02   0.340199E+00 0.646915E-16   0.00350
    -0.00124     0.34019  -0.00000
    13.52360     3.70009  -0.02404    2   11   0.640079E-03-0.235544E-03   0.352612E+00-0.293368E-17   0.00064
    -0.00024     0.35260   0.00000
    13.52360     3.70009  -0.02404    3    0   0.397980E+00-0.730906E+00   0.107218E+01-0.153611E-16   0.00064
    -0.00024     0.35260   0.00000
    13.52360     3.70009  -0.02404    3    1  -0.442025E+00-0.611119E+00   0.219699E+01 0.319859E-16  -0.44777
    -0.58464     2.22439   0.00000
    13.52360     3.70009  -0.02404    3    2   0.607411E-01-0.608407E-01   0.786218E+00-0.166598E-16   0.06633
    -0.06166     0.74898   0.00000
    13.52360     3.70009  -0.02404    3    3   0.110979E+00-0.907910E+00   0.144916E+01-0.100294E-16   0.11020
    -0.90817     1.45004  -0.00000
    13.52360     3.70009  -0.02404    3    4   0.395400E+00-0.436893E+00   0.835210E+00 0.920243E-16   0.39542
    -0.43708     0.83540  -0.00000
    13.52360     3.70009  -0.02404    3    5   0.320059E+00-0.215947E+00   0.593551E+00-0.845740E-16   0.32010
    -0.21601     0.59362   0.00000
    13.52360     3.70009  -0.02404    3    6   0.236543E+00-0.130700E+00   0.504794E+00-0.272807E-16   0.23657
    -0.13072     0.50483  -0.00000
    13.52360     3.70009  -0.02404    3    7   0.133703E+00-0.592150E-01   0.416922E+00-0.760453E-16   0.13372
    -0.05922     0.41694   0.00000
    13.52360     3.70009  -0.02404    3    8   0.515577E-01-0.187043E-01   0.348017E+00-0.467159E-16   0.05156
    -0.01871     0.34802  -0.00000
    13.52360     3.70009  -0.02404    3    9   0.143230E-01-0.478944E-02   0.322698E+00-0.188579E-16   0.01432
    -0.00479     0.32269   0.00000
    13.52360     3.70009  -0.02404    3   10   0.307906E-02-0.103599E-02   0.324564E+00 0.531558E-16   0.00308
    -0.00104     0.32456   0.00000
    13.52360     3.70009  -0.02404    3   11   0.532880E-03-0.186428E-03   0.336541E+00-0.124717E-16   0.00053
    -0.00019     0.33653   0.00000
    13.52360     3.70009  -0.02404    4    0   0.404789E+00-0.721974E+00   0.105980E+01 0.522603E-16   0.00053
    -0.00019     0.33653   0.00000
    13.52360     3.70009  -0.02404    4    1  -0.439281E+00-0.621891E+00   0.218578E+01 0.343587E-16  -0.44582
    -0.59543     2.21348   0.00000
    13.52360     3.70009  -0.02404    4    2   0.441529E-01-0.595883E-01   0.933102E+00 0.530264E-16   0.04988
    -0.06022     0.87902  -0.00000
    13.52360     3.70009  -0.02404    4    3   0.124713E+00-0.902648E+00   0.143350E+01 0.375731E-16   0.12394
    -0.90294     1.43439   0.00000
    13.52360     3.70009  -0.02404    4    4   0.397778E+00-0.407312E+00   0.797241E+00-0.862681E-17   0.39781
    -0.40749     0.79743  -0.00000
    13.52360     3.70009  -0.02404    4    5   0.309658E+00-0.205600E+00   0.586124E+00-0.336599E-16   0.30970
    -0.20566     0.58619  -0.00000
    13.52360     3.70009  -0.02404    4    6   0.201190E+00-0.104004E+00   0.477110E+00 0.763593E-16   0.20122
    -0.10403     0.47714   0.00000
    13.52360     3.70009  -0.02404    4    7   0.915671E-01-0.364815E-01   0.379137E+00 0.144444E-16   0.09158
    -0.03649     0.37915  -0.00000
    13.52360     3.70009  -0.02404    4    8   0.286446E-01-0.974194E-02   0.327826E+00 0.362450E-16   0.02865
    -0.00974     0.32782  -0.00000
    13.52360     3.70009  -0.02404    4    9   0.668675E-02-0.220188E-02   0.318107E+00 0.195133E-17   0.00669
    -0.00220     0.31810   0.00000
    13.52360     3.70009  -0.02404    4   10   0.123103E-02-0.417020E-03   0.326624E+00 0.601187E-16   0.00123
    -0.00042     0.32662  -0.00000
    13.52360     3.70009  -0.02404    5    0   0.406393E+00-0.715047E+00   0.105398E+01-0.240913E-16   0.00123
    -0.00042     0.32662  -0.00000
    13.52360     3.70009  -0.02404    5    1  -0.436487E+00-0.631287E+00   0.217574E+01-0.700765E-17  -0.44344
    -0.60483     2.20344  -0.00000
    13.52360     3.70009  -0.02404    5    2   0.359980E-01-0.574586E-01   0.101112E+01 0.444388E-16   0.04166
    -0.05798     0.94779   0.00000
    13.52360     3.70009  -0.02404    5    3   0.135564E+00-0.900183E+00   0.142132E+01 0.667711E-16   0.13480
    -0.90048     1.42220  -0.00000
    13.52360     3.70009  -0.02404    5    4   0.392571E+00-0.418997E+00   0.817948E+00-0.664567E-16   0.39259
    -0.41918     0.81814  -0.00000
    13.52360     3.70009  -0.02404    5    5   0.302136E+00-0.196148E+00   0.575816E+00 0.391208E-16   0.30218
    -0.19621     0.57589  -0.00000
    13.52360     3.70009  -0.02404    5    6   0.213936E+00-0.113070E+00   0.486204E+00-0.108772E-15   0.21397
    -0.11309     0.48624   0.00000
    13.52360     3.70009  -0.02404    5    7   0.120647E+00-0.531217E-01   0.414765E+00 0.627052E-16   0.12066
    -0.05313     0.41478  -0.00000
    13.52360     3.70009  -0.02404    5    8   0.481721E-01-0.181607E-01   0.360519E+00 0.115666E-15   0.04818
    -0.01816     0.36052   0.00000
    13.52360     3.70009  -0.02404    5    9   0.140419E-01-0.498601E-02   0.341194E+00 0.206299E-16   0.01404
    -0.00499     0.34119   0.00000
    13.52360     3.70009  -0.02404    5   10   0.316999E-02-0.113965E-02   0.345125E+00-0.596511E-16   0.00317
    -0.00114     0.34512  -0.00000
    13.52360     3.70009  -0.02404    5   11   0.575485E-03-0.215409E-03   0.358164E+00-0.671381E-16   0.00058
    -0.00022     0.35815  -0.00000
