        5        1        1        1        2
       11       11       11       10
       11        0        0        0
--------------------  ATOM   1  --->  Z = 
      6.9922   -0.0454      0.381425E+00     -0.760166E+00      0.000000E+00      0.000000E+00
      1.1057    0.0000               NaN               NaN
      6.9922   -0.0454     -0.451311E+00     -0.567032E+00     -0.454563E+00     -0.540137E+00
      2.2430   -0.0000      0.227038E+01     -0.848433E-16
      6.9922   -0.0454      0.113122E+00     -0.719325E-01      0.118913E+00     -0.734882E-01
      0.5664   -0.0000      0.553550E+00     -0.142803E-15
      6.9922   -0.0454      0.120872E+00     -0.905543E+00      0.120077E+00     -0.905830E+00
      1.4381   -0.0000      0.143900E+01     -0.407696E-17
      6.9922   -0.0454      0.396855E+00     -0.415694E+00      0.396879E+00     -0.415873E+00
      0.8086   -0.0000      0.808764E+00      0.488175E-16
      6.9922   -0.0454      0.320889E+00     -0.215939E+00      0.320927E+00     -0.215995E+00
      0.5923    0.0000      0.592400E+00     -0.545151E-16
      6.9922   -0.0454      0.228982E+00     -0.124243E+00      0.229007E+00     -0.124266E+00
      0.4971    0.0000      0.497166E+00      0.734834E-16
      6.9922   -0.0454      0.117343E+00     -0.489844E-01      0.117356E+00     -0.489915E-01
      0.3955   -0.0000      0.395469E+00     -0.895133E-16
      6.9922   -0.0454      0.403922E-01     -0.137874E-01      0.403966E-01     -0.137889E-01
      0.3289   -0.0000      0.328938E+00     -0.133740E-16
      6.9922   -0.0454      0.101457E-01     -0.324625E-02      0.101468E-01     -0.324656E-02
      0.3097    0.0000      0.309665E+00      0.414329E-16
      6.9922   -0.0454      0.199120E-02     -0.647625E-03      0.199141E-02     -0.647682E-03
      0.3145    0.0000      0.314447E+00     -0.331927E-16
      6.9922   -0.0454      0.316074E-03     -0.107263E-03      0.316109E-03     -0.107272E-03
      0.3272    0.0000      0.327158E+00     -0.152823E-16
--------------------  ATOM   2  --->  Z = 
      6.9922   -0.0454      0.403469E+00     -0.719630E+00      0.316109E-03     -0.107272E-03
      1.0598    0.0000      0.327158E+00     -0.152823E-16
      6.9922   -0.0454     -0.437798E+00     -0.625886E+00     -0.444411E+00     -0.599373E+00
      2.1812    0.0000      0.220881E+01      0.770140E-16
      6.9922   -0.0454      0.423271E-01     -0.581751E-01      0.479694E-01     -0.587808E-01
      0.9418   -0.0000      0.886331E+00     -0.782013E-16
      6.9922   -0.0454      0.129318E+00     -0.902221E+00      0.128550E+00     -0.902511E+00
      1.4284   -0.0000      0.142931E+01     -0.593033E-16
      6.9922   -0.0454      0.393059E+00     -0.426449E+00      0.393079E+00     -0.426634E+00
      0.8261   -0.0000      0.826311E+00     -0.225644E-16
      6.9922   -0.0454      0.306765E+00     -0.201193E+00      0.306807E+00     -0.201252E+00
      0.5805   -0.0000      0.580550E+00      0.383626E-16
      6.9922   -0.0454      0.221868E+00     -0.118848E+00      0.221896E+00     -0.118873E+00
      0.4918   -0.0000      0.491809E+00      0.804188E-16
      6.9922   -0.0454      0.128230E+00     -0.571052E-01      0.128246E+00     -0.571148E-01
      0.4190   -0.0000      0.418982E+00     -0.105173E-15
      6.9922   -0.0454      0.521502E-01     -0.196520E-01      0.521571E-01     -0.196547E-01
      0.3604   -0.0000      0.360380E+00      0.352508E-16
      6.9922   -0.0454      0.153780E-01     -0.540149E-02      0.153800E-01     -0.540213E-02
      0.3378   -0.0000      0.337782E+00      0.142519E-15
      6.9922   -0.0454      0.350077E-02     -0.123914E-02      0.350125E-02     -0.123927E-02
      0.3402    0.0000      0.340191E+00     -0.930093E-16
      6.9922   -0.0454      0.640079E-03     -0.235544E-03      0.640171E-03     -0.235571E-03
      0.3526   -0.0000      0.352603E+00      0.158124E-16
--------------------  ATOM   3  --->  Z = 
      6.9922   -0.0454      0.397980E+00     -0.730906E+00      0.640171E-03     -0.235571E-03
      1.0722   -0.0000      0.352603E+00      0.158124E-16
      6.9922   -0.0454     -0.442025E+00     -0.611119E+00     -0.447768E+00     -0.584637E+00
      2.1970    0.0000      0.222439E+01      0.254495E-16
      6.9922   -0.0454      0.607411E-01     -0.608407E-01      0.663255E-01     -0.616625E-01
      0.7862   -0.0000      0.748981E+00      0.867516E-17
      6.9922   -0.0454      0.110979E+00     -0.907910E+00      0.110205E+00     -0.908166E+00
      1.4492   -0.0000      0.145004E+01     -0.107944E-15
      6.9922   -0.0454      0.395400E+00     -0.436893E+00      0.395415E+00     -0.437079E+00
      0.8352    0.0000      0.835403E+00     -0.363756E-16
      6.9922   -0.0454      0.320059E+00     -0.215947E+00      0.320098E+00     -0.216006E+00
      0.5936   -0.0000      0.593620E+00      0.366516E-16
      6.9922   -0.0454      0.236543E+00     -0.130700E+00      0.236569E+00     -0.130725E+00
      0.5048   -0.0000      0.504827E+00     -0.620651E-16
      6.9922   -0.0454      0.133703E+00     -0.592150E-01      0.133717E+00     -0.592239E-01
      0.4169   -0.0000      0.416936E+00      0.595781E-16
      6.9922   -0.0454      0.515577E-01     -0.187043E-01      0.515634E-01     -0.187064E-01
      0.3480   -0.0000      0.348019E+00     -0.314383E-16
      6.9922   -0.0454      0.143230E-01     -0.478944E-02      0.143246E-01     -0.478990E-02
      0.3227   -0.0000      0.322695E+00      0.118057E-15
      6.9922   -0.0454      0.307906E-02     -0.103599E-02      0.307940E-02     -0.103608E-02
      0.3246    0.0000      0.324558E+00      0.645352E-16
      6.9922   -0.0454      0.532880E-03     -0.186428E-03      0.532940E-03     -0.186445E-03
      0.3365   -0.0000      0.336535E+00      0.162780E-15
--------------------  ATOM   4  --->  Z = 
      6.9922   -0.0454      0.404789E+00     -0.721974E+00      0.532940E-03     -0.186445E-03
      1.0598    0.0000      0.336535E+00      0.162780E-15
      6.9922   -0.0454     -0.439281E+00     -0.621891E+00     -0.445819E+00     -0.595434E+00
      2.1858    0.0000      0.221348E+01      0.783958E-16
      6.9922   -0.0454      0.441529E-01     -0.595883E-01      0.498818E-01     -0.602197E-01
      0.9331    0.0000      0.879018E+00     -0.142165E-15
      6.9922   -0.0454      0.124713E+00     -0.902648E+00      0.123938E+00     -0.902937E+00
      1.4335    0.0000      0.143439E+01      0.565400E-16
      6.9922   -0.0454      0.397778E+00     -0.407312E+00      0.397806E+00     -0.407494E+00
      0.7972   -0.0000      0.797428E+00     -0.114197E-15
      6.9922   -0.0454      0.309658E+00     -0.205600E+00      0.309700E+00     -0.205658E+00
      0.5861   -0.0000      0.586193E+00     -0.101525E-16
      6.9922   -0.0454      0.201190E+00     -0.104004E+00      0.201219E+00     -0.104027E+00
      0.4771    0.0000      0.477143E+00      0.231217E-16
      6.9922   -0.0454      0.915671E-01     -0.364815E-01      0.915806E-01     -0.364880E-01
      0.3791    0.0000      0.379148E+00     -0.366808E-16
      6.9922   -0.0454      0.286446E-01     -0.974194E-02      0.286489E-01     -0.974336E-02
      0.3278    0.0000      0.327824E+00     -0.793652E-16
      6.9922   -0.0454      0.668675E-02     -0.220188E-02      0.668778E-02     -0.220217E-02
      0.3181    0.0000      0.318101E+00      0.558045E-16
      6.9922   -0.0454      0.123103E-02     -0.417020E-03      0.123122E-02     -0.417074E-03
      0.3266    0.0000      0.326615E+00     -0.603357E-16
--------------------  ATOM   5  --->  Z = 
      6.9922   -0.0454      0.406393E+00     -0.715047E+00      0.123122E-02     -0.417074E-03
      1.0540   -0.0000      0.326615E+00     -0.603357E-16
      6.9922   -0.0454     -0.436487E+00     -0.631287E+00     -0.443441E+00     -0.604830E+00
      2.1757   -0.0000      0.220344E+01     -0.606229E-16
      6.9922   -0.0454      0.359980E-01     -0.574586E-01      0.416597E-01     -0.579848E-01
      1.0111    0.0000      0.947789E+00      0.810425E-16
      6.9922   -0.0454      0.135564E+00     -0.900183E+00      0.134801E+00     -0.900485E+00
      1.4213    0.0000      0.142220E+01     -0.161500E-16
      6.9922   -0.0454      0.392571E+00     -0.418997E+00      0.392595E+00     -0.419182E+00
      0.8179   -0.0000      0.818138E+00     -0.107629E-15
      6.9922   -0.0454      0.302136E+00     -0.196148E+00      0.302179E+00     -0.196206E+00
      0.5758    0.0000      0.575886E+00     -0.480662E-16
      6.9922   -0.0454      0.213936E+00     -0.113070E+00      0.213965E+00     -0.113094E+00
      0.4862   -0.0000      0.486237E+00      0.186231E-16
      6.9922   -0.0454      0.120647E+00     -0.531217E-01      0.120664E+00     -0.531313E-01
      0.4148    0.0000      0.414779E+00     -0.354398E-16
      6.9922   -0.0454      0.481721E-01     -0.181607E-01      0.481791E-01     -0.181634E-01
      0.3605    0.0000      0.360520E+00      0.514284E-16
      6.9922   -0.0454      0.140419E-01     -0.498601E-02      0.140440E-01     -0.498666E-02
      0.3412    0.0000      0.341188E+00      0.803382E-16
      6.9922   -0.0454      0.316999E-02     -0.113965E-02      0.317049E-02     -0.113980E-02
      0.3451   -0.0000      0.345115E+00     -0.253542E-17
      6.9922   -0.0454      0.575485E-03     -0.215409E-03      0.575579E-03     -0.215437E-03
      0.3582   -0.0000      0.358154E+00     -0.812476E-16
